100 100
1 54
52 90
82 92
42 43
89 97
1 48
83 85
73 87
45 55
1 26
91 97
12 97
86 98
56 58
5 100
77 98
68 69
98 99
85 86
90 98
44 64
27 56
26 42
28 52
70 99
94 95
86 99
38 58
2 96
64 76
88 96
59 84
86 95
18 81
6 20
48 96
77 78
20 27
30 70
78 94
13 61
43 94
30 91
23 98
33 70
15 59
36 50
63 100
12 83
30 97
40 93
75 99
38 56
9 21
65 82
2 12
52 98
50 92
2 86
95 99
39 60
90 100
58 86
12 41
1 87
7 98
66 78
60 75
92 93
27 82
39 50
15 54
19 53
44 89
58 82
6 14
74 81
65 91
85 97
49 73
59 77
87 100
8 89
44 76
36 54
44 88
25 82
93 98
1 66
32 92
13 72
95 97
27 30
62 87
73 96
70 95
36 39
22 96
34 73
30 100