1035 10236
1 305
5 628
812 885
374 595
25 117
234 528
752 932
367 590
147 976
31 647
779 813
47 261
525 728
421 912
838 919
154 648
121 866
140 172
232 796
737 1000
899 998
250 775
520 883
857 891
855 932
708 944
167 849
497 804
9 255
410 884
382 464
1022 1025
377 790
930 934
335 930
472 747
93 525
392 881
200 975
742 760
946 995
628 928
714 817
445 917
437 538
823 958
647 929
489 996
733 1005
471 641
968 988
290 573
498 588
1014 1026
276 959
903 955
670 732
638 820
156 527
985 1032
525 848
223 788
330 736
905 956
718 737
411 734
983 1031
596 949
20 517
92 203
78 380
55 956
463 664
207 465
725 922
720 945
704 827
365 377
60 159
573 835
888 1007
577 936
563 604
267 544
846 1005
120 380
878 921
598 675
207 902
875 911
964 1013
168 255
107 173
390 557
833 912
213 852
407 582
1 3
857 992
470 673
16 28
277 410
688 784
106 488
994 1015
304 719
539 1015
533 844
357 717
180 574
700 864
501 590
398 567
585 873
602 609
37 232
994 1021
799 832
527 620
1022 1032
7 295
604 1031
762 766
121 1007
995 1019
290 331
602 711
823 905
57 659
67 152
857 1030
588 716
212 633
288 884
786 878
810 903
504 796
411 449
71 337
275 954
891 967
317 646
987 1008
543 814
669 755
186 374
872 1026
123 1010
845 901
70 743
18 446
145 262
474 995
71 891
476 539
484 567
516 949
529 929
316 338
612 728
571 773
414 762
316 801
547 949
299 474
725 1034
842 927
18 792
286 439
635 901
277 921
938 974
983 986
544 793
951 993
225 420
41 193
222 913
94 851
603 830
764 857
650 1023
243 960
496 500
700 820
125 883
522 776
534 872
436 806
940 1026
364 899
684 744
677 752
21 259
421 548
70 295
181 538
974 1028
522 934
541 653
645 902
130 672
822 1012
395 894
40 863
219 358
244 406
667 687
184 521
699 864
857 863
455 647
921 980
898 970
638 779
16 891
567 674
299 650
853 953
131 614
447 1034
94 614
363 714
547 884
880 946
680 859
299 609
714 938
559 888
280 667
904 943
1030 1032
207 396
837 935
397 905
498 847
164 863
962 1027
28 238
146 370
335 968
226 932
733 887
860 910
188 664
89 475
523 735
867 986
341 718
743 908
446 720
376 742
873 893
95 179
619 939
1 539
225 605
934 971
223 874
401 614
286 564
90 506
632 966
897 929
64 782
155 434
92 934
1008 1025
425 798
581 837
309 393
88 229
170 1009
218 900
305 576
812 845
188 278
931 1032
899 963
329 953
792 892
421 898
289 938
492 564
614 844
147 364
252 732
490 1002
806 964
968 987
821 847
824 975
841 977
99 599
799 865
137 483
933 958
915 929
857 935
589 734
178 368
184 625
872 978
750 1016
202 913
758 917
132 768
869 924
663 1032
597 929
770 835
582 741
764 978
85 391
77 766
197 810
413 467
429 550
98 451
104 800
944 945
142 435
334 855
920 969
369 606
562 686
770 880
175 985
830 924
713 750
764 1035
409 716
736 755
152 185
479 766
543 980
615 914
115 310
159 905
802 1028
298 603
730 854
591 873
189 541
590 672
528 849
265 531
257 392
600 661
929 965
219 1020
29 103
153 965
496 665
113 624
1034 1035
499 715
407 550
852 963
895 953
944 1028
780 980
426 832
607 892
609 979
437 510
355 786
978 986
754 902
367 392
993 1031
293 648
81 206
1002 1016
578 675
321 427
459 542
729 808
482 910
12 705
50 520
342 946
676 729
233 685
213 729
285 755
374 850
996 1020
42 655
287 762
321 533
125 961
511 522
568 1028
734 951
581 664
367 394
466 833
888 994
739 975
987 1022
862 997
768 963
198 676
889 1034
816 929
710 782
927 1022
917 966
468 498
642 658
269 808
341 522
511 646
957 993
167 576
720 906
996 1030
555 811
6 700
1001 1010
192 735
691 698
853 917
704 849
774 827
625 676
133 607
654 877
538 843
866 876
461 845
336 506
765 898
476 842
505 510
2 517
96 689
1016 1022
640 966
25 79
910 1018
947 1031
121 632
344 948
757 1016
34 143
168 279
998 1017
1007 1024
179 812
867 907
895 1031
137 588
90 691
865 974
361 412
556 772
680 736
960 1030
219 267
162 828
264 267
151 915
359 556
50 775
766 774
983 1005
200 905
436 810
735 770
819 884
492 516
913 983
174 317
984 988
166 845
201 615
169 1033
953 1004
406 513
964 1032
274 729
842 946
119 982
302 897
697 716
611 854
710 782
601 782
854 902
28 772
370 685
131 387
315 877
178 940
169 877
583 806
44 928
833 841
105 167
1029 1030
798 924
245 590
758 796
587 599
734 913
806 924
303 587
749 826
346 483
893 899
710 917
459 580
451 557
742 812
961 998
272 319
490 971
171 838
929 997
240 478
129 875
386 1006
781 982
242 615
331 516
701 984
386 711
994 1012
541 1002
991 994
81 960
839 846
1015 1016
763 940
346 835
247 391
746 952
122 221
946 967
341 784
271 704
58 363
793 819
986 1013
990 993
660 942
570 768
299 355
400 498
993 1011
285 798
713 747
378 949
941 993
758 912
843 904
587 818
412 638
17 1011
912 969
637 1017
582 965
321 833
225 475
139 926
943 968
468 668
837 929
11 1015
662 835
743 969
857 906
508 545
540 592
1032 1033
425 983
312 953
63 268
602 777
695 728
972 988
243 850
259 518
53 362
549 995
305 806
779 965
828 982
507 996
524 814
369 1025
609 885
391 799
34 282
728 888
802 1026
681 754
932 989
115 616
395 674
182 634
428 873
588 861
642 981
223 431
683 741
306 808
44 1012
361 682
760 950
55 156
749 991
135 714
818 1006
726 727
668 669
922 948
998 1005
142 1035
254 982
600 863
186 650
400 843
367 571
702 840
224 410
846 962
794 872
797 999
691 854
386 877
592 1021
693 816
36 518
911 1012
942 949
734 1013
176 415
593 902
300 472
271 972
607 937
732 928
356 373
174 512
340 383
792 915
349 798
700 823
730 870
249 400
109 394
64 274
379 924
5 642
295 737
222 732
38 681
178 847
353 993
969 979
961 984
500 602
249 594
977 993
1025 1026
231 311
950 1019
812 844
181 343
657 956
391 616
824 828
591 625
682 807
456 743
795 1027
781 871
751 898
455 649
961 1025
859 889
405 646
3 247
316 981
905 931
695 732
475 937
841 964
565 590
448 589
981 1030
239 846
802 887
318 381
256 872
962 970
461 917
352 702
886 909
162 991
696 820
421 824
1012 1033
953 968
135 600
823 1006
590 896
938 976
551 797
425 520
307 332
114 719
967 968
698 1013
866 956
223 331
92 609
587 979
117 286
690 717
636 991
929 1032
148 373
177 641
473 522
728 861
39 385
527 726
898 942
584 871
1011 1032
749 853
165 256
129 850
147 330
490 833
652 718
979 1032
243 742
823 863
830 978
948 979
694 891
182 796
142 514
745 867
327 330
344 767
1009 1026
351 604
793 799
135 177
968 985
341 776
767 917
709 843
976 1001
469 983
457 517
585 596
1004 1025
252 653
609 639
415 513
11 457
359 731
758 794
656 679
1025 1026
809 1011
466 721
799 817
968 991
156 964
278 882
1002 1025
267 725
301 831
188 667
934 1021
543 937
92 728
826 876
288 751
889 994
753 765
421 466
179 412
622 739
282 614
38 718
786 1018
972 1012
928 951
239 245
920 1030
204 939
241 714
462 576
749 1004
796 804
607 644
709 892
555 597
43 961
448 720
582 1000
369 849
985 987
696 793
451 890
351 948
431 606
671 905
762 769
477 498
219 505
43 973
963 998
821 967
261 480
230 503
852 888
366 935
726 937
517 707
108 546
693 759
560 1034
62 716
291 933
967 969
163 853
188 614
773 830
105 651
1027 1028
935 991
293 341
768 932
810 839
672 988
440 619
972 1011
64 581
174 549
710 845
338 534
701 703
769 800
521 746
443 471
808 993
310 511
867 882
704 861
428 898
460 640
408 792
444 793
45 863
914 997
559 837
269 872
876 1001
321 658
510 962
167 202
192 547
224 504
750 960
245 584
447 814
871 914
742 913
258 974
64 594
420 838
371 461
172 717
392 737
325 998
311 1032
94 355
335 516
619 653
604 875
386 415
728 889
1018 1020
2 105
164 889
306 321
263 509
599 856
446 866
11 954
787 1030
1030 1034
68 937
93 545
187 273
363 968
107 778
835 960
960 1024
681 917
412 870
548 550
954 967
911 1002
289 974
459 858
65 614
255 582
511 842
58 889
231 777
535 835
879 933
910 993
736 880
139 969
366 796
938 955
383 728
139 733
907 970
723 731
865 878
727 1025
855 921
853 994
428 594
537 868
907 925
759 964
229 356
678 937
466 973
460 714
199 681
177 1020
311 611
840 942
17 127
777 798
834 889
81 403
465 961
393 438
448 598
672 680
885 962
244 985
972 1007
765 899
852 1022
142 618
1006 1014
487 652
540 981
931 1008
514 928
582 736
520 916
869 992
767 1004
352 729
381 632
793 889
1030 1034
390 404
606 837
974 1008
25 579
342 674
991 1014
300 560
834 1015
528 1003
950 1023
242 891
101 124
422 886
140 357
401 820
315 923
463 525
750 996
531 988
347 580
487 739
64 129
159 609
627 713
496 541
81 664
585 1002
26 61
697 821
471 633
632 800
380 933
836 1020
406 955
880 970
977 995
74 844
449 598
252 486
362 520
54 713
311 501
217 269
1003 1024
958 1001
658 668
446 829
607 752
267 638
768 920
48 327
643 954
524 625
808 910
725 769
517 609
1021 1024
614 893
903 1018
479 789
559 742
857 905
642 650
652 915
760 1025
793 1026
76 303
961 1002
214 959
703 939
285 827
647 893
698 779
273 910
296 390
902 981
246 807
467 911
612 1028
474 775
833 898
676 845
713 788
562 942
314 933
484 609
273 648
1029 1035
838 865
208 457
832 903
20 323
374 384
16 621
109 524
12 509
437 684
1012 1014
232 1032
89 583
960 965
35 658
101 212
450 865
76 471
1000 1034
886 975
460 678
388 1006
633 928
246 468
96 685
657 960
374 915
150 225
1002 1009
236 281
571 638
825 889
156 826
756 952
787 825
177 766
64 411
71 504
815 850
349 521
182 915
81 591
389 417
950 1000
149 463
1018 1021
26 607
250 432
572 865
701 743
998 1016
633 882
331 513
898 958
601 685
671 761
300 1020
578 632
884 941
688 885
781 793
270 818
53 89
217 394
966 1028
11 953
734 786
615 941
770 996
600 847
620 731
371 586
207 440
743 1024
849 926
974 997
25 965
818 913
542 739
423 743
311 639
829 865
39 422
167 449
547 698
704 1006
878 1002
560 783
417 988
438 842
631 810
345 482
833 905
130 278
348 555
547 763
157 939
99 798
875 907
716 723
391 732
532 846
703 884
160 201
713 962
849 883
826 929
102 276
25 520
594 805
595 1003
133 481
528 602
421 641
415 581
146 672
18 180
678 918
11 21
982 985
346 407
747 913
623 826
897 994
755 920
774 776
406 476
480 858
686 783
102 208
171 422
55 630
409 511
458 1028
996 1006
896 1024
441 957
546 549
636 940
524 622
870 1005
803 993
342 804
389 848
481 908
419 489
127 772
108 482
990 1033
1007 1030
675 731
668 1033
577 986
1009 1034
217 228
390 529
33 217
539 899
226 780
1029 1030
481 705
251 413
745 939
12 882
489 960
652 1010
121 616
201 653
484 675
192 263
914 976
132 169
500 767
455 760
534 949
713 948
863 1034
964 1035
953 957
394 867
278 362
1000 1004
895 1022
587 622
107 193
545 640
848 946
869 965
792 885
573 824
658 810
890 924
333 521
963 999
795 877
598 801
526 585
552 867
92 431
304 676
954 976
645 801
518 831
418 1032
689 863
361 607
445 691
186 848
927 934
900 990
659 1032
923 985
479 670
486 963
484 1012
232 1009
373 857
107 512
595 774
20 717
462 632
750 794
721 916
208 690
789 883
774 875
471 594
325 745
790 974
85 1002
223 236
341 790
390 818
717 926
264 364
123 293
189 222
380 667
554 730
58 77
178 690
141 696
135 637
105 607
110 602
905 958
338 890
549 656
883 944
800 837
688 793
665 901
43 630
395 473
80 811
999 1003
845 1020
207 1021
442 691
942 959
171 392
550 992
72 125
96 537
800 924
35 947
802 1027
784 822
801 905
620 944
969 986
931 1015
144 367
437 819
292 585
574 635
114 529
929 937
566 799
236 822
29 808
1021 1028
8 797
836 917
223 892
321 419
534 808
976 1035
293 313
527 662
800 828
216 226
701 933
120 159
630 643
379 897
457 720
849 892
208 493
463 584
1026 1029
24 914
590 789
493 561
20 662
929 987
809 985
169 489
821 955
209 547
296 622
681 880
929 1005
429 798
1013 1034
286 488
510 767
936 1032
649 884
23 217
681 916
267 592
179 801
882 920
816 1002
893 996
964 1021
908 1028
105 692
879 959
854 979
96 129
108 248
658 799
850 915
699 827
147 453
63 180
995 1016
665 797
655 943
598 888
311 998
76 755
23 489
903 920
10 722
170 574
670 677
349 1018
751 881
639 697
793 976
418 659
572 643
42 350
178 385
864 895
678 979
217 641
727 931
127 562
799 840
731 928
213 877
913 983
753 808
247 264
532 848
872 945
833 985
323 837
245 601
434 819
711 838
336 903
880 968
729 748
549 789
705 1015
958 960
523 872
567 649
958 982
666 1027
105 272
629 958
468 569
843 905
684 771
106 877
11 692
536 659
556 1018
112 953
652 864
614 706
795 811
332 927
466 507
227 650
97 524
685 761
85 566
4 545
689 806
315 840
196 378
674 713
485 515
108 428
514 640
632 982
528 743
878 973
711 776
908 1009
38 920
422 708
811 831
1021 1026
842 905
1 833
906 1015
989 996
569 867
246 857
826 846
371 647
334 340
84 384
836 881
479 659
375 816
879 959
863 964
930 966
387 388
753 894
537 942
825 833
814 955
107 630
86 197
948 959
490 805
842 909
172 480
100 437
646 965
860 1019
1003 1024
945 1005
956 989
280 813
449 818
404 471
642 833
108 655
551 771
1000 1012
641 779
68 272
45 1029
266 828
1000 1020
755 973
136 752
528 702
846 860
259 718
139 874
297 928
273 528
36 899
1025 1031
542 742
914 982
595 946
789 914
980 989
699 885
145 505
731 958
446 937
966 1024
297 892
832 920
693 884
813 862
883 912
397 754
1014 1021
65 923
992 1019
189 520
480 895
981 1006
658 681
1027 1035
1022 1027
625 1001
316 442
653 975
265 777
963 1027
564 742
375 380
901 939
644 957
510 761
778 875
686 761
660 847
309 986
302 858
524 571
566 941
960 1021
412 421
528 865
103 109
826 1003
443 690
394 835
1007 1025
963 1014
412 579
12 953
822 870
1021 1035
17 215
439 444
709 817
167 981
1023 1029
914 1017
918 969
763 1030
277 590
170 723
418 479
121 1035
159 317
79 491
191 719
1001 1007
362 443
166 640
430 854
66 401
32 751
733 921
778 932
284 597
838 912
574 894
630 979
165 700
535 760
78 762
535 628
800 820
746 998
607 832
985 1028
738 960
470 809
298 987
1016 1020
91 450
4 217
657 862
479 868
834 932
478 1006
735 786
566 980
769 976
613 909
483 763
826 984
580 652
464 700
30 996
717 761
462 578
908 1000
156 221
148 1018
650 779
644 958
284 868
675 731
715 898
369 717
723 816
675 846
525 580
952 956
405 824
596 912
142 1004
779 1021
903 1016
403 877
1023 1024
905 1002
316 1017
745 904
720 735
229 617
493 902
158 848
410 702
107 1032
368 604
228 613
798 870
836 986
48 810
438 770
35 570
890 936
86 857
602 854
854 991
35 1022
946 963
642 796
300 592
719 906
580 885
678 1016
334 424
108 134
731 989
360 852
930 998
317 819
103 290
398 460
179 1009
280 564
342 892
481 791
866 994
610 898
123 407
77 328
837 948
912 1010
270 905
527 548
353 1032
946 1003
554 555
257 825
908 953
351 367
974 1013
510 852
714 901
489 931
470 999
673 869
821 841
53 60
960 999
472 890
20 911
228 307
570 960
1014 1032
387 544
453 505
874 974
575 717
248 858
833 1032
158 748
977 994
746 1001
978 1007
151 581
33 584
234 629
961 993
713 766
957 1022
317 807
604 976
80 199
285 1006
87 222
948 1000
955 1030
488 718
827 839
230 993
40 168
34 58
407 534
968 1035
652 821
288 379
928 961
301 524
85 166
518 585
136 932
722 986
707 829
96 278
306 359
481 1018
433 436
933 958
908 963
537 614
113 277
718 740
473 815
799 943
220 474
461 610
698 1002
736 844
229 635
775 1023
418 782
485 996
798 843
321 755
691 961
509 716
828 942
173 427
30 515
208 328
115 456
740 976
1032 1033
850 996
753 982
932 965
665 688
662 861
4 578
822 844
523 775
26 346
25 844
103 788
861 931
594 715
558 873
519 1009
873 973
717 1029
554 960
298 546
197 267
519 927
36 994
235 244
392 974
852 943
163 445
842 885
311 714
82 353
170 590
166 871
392 928
652 674
66 736
510 918
872 883
1014 1027
923 986
346 668
651 731
134 153
694 783
595 987
452 734
248 271
806 854
280 392
211 558
80 258
372 722
108 191
614 798
508 767
181 282
932 961
572 821
894 896
525 543
104 451
245 602
618 799
694 731
13 594
292 880
527 731
450 621
283 848
532 809
219 991
318 725
444 940
768 806
205 946
872 931
834 1005
408 1024
72 722
1014 1021
218 454
371 855
326 863
513 1001
985 1028
131 332
487 975
524 783
338 996
378 690
420 634
1020 1029
972 990
144 615
775 963
77 408
955 964
340 825
991 1017
287 613
308 1008
184 575
1018 1020
194 374
780 1002
602 954
563 750
821 1010
861 1028
282 674
364 782
588 1029
992 1017
920 985
296 976
645 898
120 568
899 985
482 877
17 754
57 920
1031 1032
657 852
477 975
492 506
13 897
274 500
299 650
439 523
58 863
699 715
198 492
332 579
180 995
108 242
488 507
598 702
831 868
85 294
379 384
981 1026
976 978
370 845
923 1012
185 198
190 323
546 1032
330 973
912 967
694 916
247 684
901 1000
412 883
12 403
108 620
999 1021
407 417
723 898
1016 1029
259 715
221 294
545 752
430 563
589 910
59 891
961 1000
153 249
184 239
481 1013
67 71
872 885
888 958
815 857
92 922
257 909
329 579
135 212
970 1028
900 935
311 375
373 910
278 743
682 715
825 930
753 1003
51 129
380 907
941 988
701 905
390 997
149 538
271 678
611 616
577 1031
946 1018
838 977
170 202
280 1014
304 373
429 1021
731 775
878 978
741 985
186 748
801 936
323 795
809 983
793 1035
719 874
809 947
708 832
912 1020
611 934
219 297
769 880
238 413
890 970
98 997
670 671
298 519
637 638
945 991
864 876
1025 1034
473 641
944 948
689 962
689 738
736 1022
1013 1022
600 798
9 827
146 790
790 869
391 960
129 1032
726 840
219 487
804 950
650 937
62 537
598 776
976 988
47 402
379 939
302 881
873 971
354 513
499 675
173 693
679 875
815 882
706 845
323 912
367 789
601 864
883 931
570 663
688 937
321 1021
995 1008
363 479
532 892
146 392
241 767
224 994
453 765
437 975
616 763
286 306
500 844
407 525
889 1014
867 919
437 943
959 983
890 1012
741 897
425 821
156 914
621 663
32 390
144 543
31 851
260 693
1021 1029
24 724
704 928
886 897
311 802
693 833
30 162
541 677
1001 1019
6 459
456 526
446 802
888 901
646 864
919 1019
757 842
72 956
635 907
701 751
82 500
801 960
356 561
992 1027
704 940
53 614
894 1011
430 912
128 439
886 988
1013 1028
408 831
256 532
410 668
845 953
776 850
904 999
344 872
821 838
59 403
680 777
693 1015
464 684
184 633
316 561
155 1013
140 745
146 780
729 1006
535 873
1000 1021
101 542
393 744
522 1006
772 874
241 628
402 879
985 1007
583 1034
36 123
1033 1034
44 912
768 1035
795 900
661 759
54 906
995 1005
1024 1030
711 941
620 812
603 970
394 486
593 912
735 794
487 1033
685 835
260 790
348 386
816 970
707 783
744 826
962 1004
71 654
182 434
424 562
1011 1013
417 494
584 627
376 941
683 726
253 630
972 1028
820 962
582 646
106 521
556 773
59 101
256 972
477 708
1027 1033
852 941
505 888
71 456
728 1035
557 878
517 525
894 1016
530 611
1 74
501 1003
537 590
380 615
1030 1035
632 962
144 519
173 305
861 975
104 670
879 941
391 825
913 1015
732 783
619 919
215 725
984 1007
784 967
234 716
236 983
434 976
571 769
196 386
444 659
663 958
330 834
717 805
472 1034
433 561
11 134
846 1002
204 964
872 912
650 931
392 717
639 690
291 600
246 1014
208 300
510 614
9 671
187 422
29 754
467 868
781 840
609 706
839 879
111 946
930 1019
404 731
235 718
508 724
409 816
616 962
857 931
591 868
607 890
213 563
410 920
935 1026
1016 1021
690 894
649 917
1010 1012
849 892
619 792
189 672
887 961
143 474
10 948
385 739
582 932
11 281
901 972
215 590
834 1002
168 758
251 538
72 547
824 912
134 769
398 761
979 986
1000 1010
86 428
803 882
376 674
64 985
549 905
967 1027
746 928
725 965
347 796
622 708
723 922
46 251
991 1031
30 421
77 319
355 515
114 909
786 914
817 910
995 1026
795 987
893 936
607 910
114 719
495 994
551 789
388 878
384 821
609 707
40 414
877 957
830 902
489 500
3 438
612 999
524 537
454 816
742 844
453 1029
42 221
19 785
418 839
664 742
501 964
817 1020
144 712
540 850
853 1025
640 756
869 912
969 1012
364 421
559 964
932 935
613 858
737 767
949 969
3 471
96 500
187 1021
204 314
815 941
765 814
376 591
923 1008
345 423
976 1010
539 802
760 847
885 970
344 708
966 1013
762 832
781 907
593 872
405 926
222 466
72 340
147 798
963 974
996 1009
288 356
489 964
3 898
683 722
915 1017
598 819
282 817
234 262
1020 1026
165 260
600 944
497 1016
756 810
1029 1034
341 709
699 884
200 335
193 1000
950 970
343 772
135 670
738 1026
440 704
973 1018
379 917
872 919
14 958
966 973
751 858
572 934
124 874
681 684
151 759
230 406
763 915
151 278
474 814
750 906
841 1032
998 999
861 868
904 1006
624 944
248 267
642 671
566 767
711 891
177 625
280 330
518 723
221 915
901 966
470 511
519 968
93 823
823 843
309 898
149 769
799 920
526 838
262 467
720 800
924 950
780 838
869 1032
976 1035
895 905
517 673
703 828
139 534
896 1011
37 342
768 855
444 452
829 987
28 506
196 729
620 923
1017 1029
753 906
20 605
512 847
372 762
684 820
250 947
165 509
183 626
136 730
59 237
70 466
878 964
997 1010
833 907
653 746
647 806
696 771
504 536
738 809
186 611
951 1008
270 772
476 924
923 995
676 681
527 912
598 930
414 434
720 837
526 582
961 976
600 872
906 924
272 805
781 983
728 892
1018 1025
394 594
243 990
960 979
261 752
477 870
294 529
652 969
722 801
1001 1010
706 1001
114 870
413 1001
665 772
726 1010
859 900
565 847
485 974
218 826
565 635
367 835
421 1014
763 771
318 739
612 832
611 1025
345 655
404 514
827 871
518 962
975 1006
84 201
421 431
401 955
190 468
115 694
783 901
781 789
960 1024
247 362
652 906
660 973
920 1033
136 727
284 585
361 553
963 1022
868 955
709 874
393 505
68 326
112 948
75 551
60 461
250 926
648 962
502 504
44 664
881 995
739 777
582 607
625 941
583 696
862 945
766 953
946 999
595 928
50 838
816 962
792 1019
731 978
745 809
214 709
1034 1035
952 1015
19 716
247 335
676 779
1034 1035
581 931
401 930
525 695
949 951
515 857
24 352
382 659
894 995
102 258
856 950
45 779
425 799
150 761
701 959
851 929
107 757
194 521
808 958
1014 1023
1021 1035
843 986
773 833
945 1024
406 641
758 973
468 607
588 718
336 828
729 972
706 871
941 1031
228 427
846 921
668 774
913 1002
842 962
673 882
472 998
87 638
522 684
628 728
35 754
683 842
996 1018
335 409
43 305
255 786
448 650
207 773
302 543
785 839
500 908
467 641
440 526
756 768
872 956
68 764
847 974
681 790
674 773
883 916
641 974
743 988
595 936
143 603
750 873
773 831
738 790
494 782
978 1018
520 778
64 118
310 977
952 975
501 692
917 1015
131 319
604 803
117 1002
306 981
372 826
743 1015
767 819
988 1022
520 804
747 867
327 701
806 827
957 961
519 1008
794 862
743 948
912 1014
874 1029
563 672
606 928
673 876
424 823
2 554
97 589
749 752
520 528
507 522
656 827
509 990
173 854
362 405
945 1029
96 462
885 960
822 890
419 769
520 891
366 951
396 440
157 509
660 978
828 917
32 602
147 638
953 969
784 857
929 939
190 591
902 1018
745 904
166 324
961 1032
145 922
326 700
676 958
667 676
677 712
113 703
776 844
221 556
618 861
695 895
1030 1035
781 862
914 997
716 820
288 542
218 785
76 724
700 1031
458 755
856 943
848 1032
882 958
419 472
210 371
122 774
760 800
1026 1028
35 447
91 1030
960 1025
86 604
76 145
212 693
607 722
598 728
766 886
219 379
562 742
806 848
999 1035
705 985
1028 1033
419 711
823 885
366 820
472 975
650 732
902 926
727 758
28 518
541 756
58 836
281 469
596 922
372 784
646 890
888 934
76 704
391 561
46 314
262 817
185 594
1012 1031
68 595
10 287
401 900
536 563
979 997
806 980
112 328
833 896
294 651
797 848
516 797
261 656
848 868
493 747
284 345
462 869
473 725
810 978
419 824
531 1025
104 388
978 1035
523 790
685 871
785 868
475 974
615 670
588 706
635 871
771 911
709 893
120 313
112 382
800 882
735 908
178 374
310 852
147 466
657 818
135 475
728 831
466 933
945 1030
582 616
494 510
852 984
627 992
245 369
830 989
444 613
234 917
984 1027
420 813
380 596
316 564
87 855
186 261
857 892
639 1033
464 705
864 887
586 651
427 1028
234 443
719 942
653 939
950 1027
539 858
670 978
470 806
793 857
241 451
801 905
898 1000
389 850
691 1029
113 532
640 674
432 968
6 175
309 491
146 709
275 576
562 896
926 1007
77 425
376 906
667 955
499 996
59 728
662 999
22 395
968 1029
592 902
461 1008
246 474
271 319
780 896
409 519
350 776
722 975
913 964
213 273
763 815
673 739
586 829
538 1002
19 250
877 941
430 911
434 760
552 725
389 633
974 1002
606 1025
362 769
429 718
949 1011
803 971
385 608
684 859
813 969
183 274
697 890
596 796
565 798
418 727
1020 1026
60 189
810 913
988 1020
975 998
737 775
658 808
66 313
700 748
560 672
315 989
816 927
793 847
709 761
535 780
849 926
91 343
766 935
369 414
505 819
547 966
570 865
753 1005
498 679
100 882
457 872
80 845
562 782
734 736
783 844
929 987
416 794
370 471
362 954
246 449
341 506
930 1022
570 571
667 759
963 1003
538 600
993 1033
174 266
579 833
239 245
628 816
318 692
490 588
915 1017
520 553
504 830
230 952
673 809
962 1024
609 655
832 885
461 594
320 1012
529 981
38 190
131 972
536 765
522 946
611 1013
691 1016
114 1004
341 574
694 767
1022 1032
804 1019
842 944
55 729
841 1022
612 943
26 604
418 658
919 968
852 881
376 448
268 771
320 955
410 684
328 903
255 930
666 736
432 572
934 1004
16 485
13 499
965 1010
763 893
439 1014
367 418
169 285
774 785
953 1013
577 700
790 867
532 772
123 960
28 305
223 608
824 898
431 552
302 777
387 973
480 965
73 896
425 755
156 306
938 1028
772 975
27 1022
578 616
7 756
681 883
895 1018
887 970
636 864
288 723
190 456
14 657
847 989
218 859
415 420
435 804
897 1012
548 948
234 471
890 931
834 926
980 999
857 1004
610 986
442 1001
33 196
430 440
20 606
91 366
530 730
961 991
963 993
1015 1034
499 567
203 221
795 973
1014 1027
1030 1032
872 1028
45 292
997 1008
942 991
118 472
340 1005
40 356
366 844
608 935
20 782
367 521
611 848
174 477
730 872
776 971
235 463
482 531
3 593
302 924
466 842
532 957
133 740
511 920
701 820
133 419
106 384
753 996
966 987
151 692
240 934
413 881
775 844
233 954
631 924
10 1029
594 1029
100 259
667 739
471 689
392 495
151 226
819 885
1014 1027
1002 1011
714 974
758 981
409 882
266 783
761 825
540 764
430 495
804 982
771 985
908 986
52 818
596 671
1002 1023
675 803
41 74
293 1030
436 695
521 658
263 991
369 435
920 933
873 996
10 113
686 974
132 658
436 633
496 943
668 677
233 433
58 873
593 808
295 466
362 511
889 935
81 651
538 954
83 416
745 793
806 929
455 727
1004 1026
215 358
147 334
511 1001
844 956
159 172
18 892
80 854
1003 1011
662 826
529 665
129 1025
720 997
523 762
451 642
407 979
526 972
460 762
564 805
259 740
322 949
767 852
939 1024
338 1021
599 936
505 981
341 355
573 946
732 885
564 811
441 766
25 839
818 970
651 701
1026 1033
179 367
969 1021
810 901
505 1031
637 1031
225 647
819 857
750 882
788 850
153 660
953 984
474 539
36 882
984 1008
659 1002
855 915
364 967
1006 1016
141 897
267 365
162 368
905 1016
493 864
41 128
514 605
771 888
826 910
487 534
725 1006
614 955
932 985
978 1006
614 985
603 791
904 1011
505 678
472 981
792 942
640 959
996 1019
992 1002
460 728
327 1005
699 1007
216 466
377 831
427 519
140 438
236 570
122 485
474 622
655 912
601 634
172 196
521 548
356 819
232 555
111 159
150 363
270 818
500 719
204 1003
614 733
863 981
30 811
739 926
304 658
680 907
53 77
377 407
473 575
91 778
679 698
568 748
594 814
792 934
401 1023
8 698
256 983
291 623
98 995
26 218
576 706
496 639
703 769
607 623
858 912
141 378
382 956
563 799
791 957
270 957
389 905
419 890
582 842
13 663
530 811
25 522
46 880
516 962
668 1004
437 793
16 113
547 711
344 495
113 657
854 1000
233 292
396 757
1018 1031
627 784
126 250
239 1008
45 412
188 976
732 790
837 933
707 756
596 782
276 688
255 995
348 646
423 583
292 633
459 696
868 1034
909 921
632 736
257 603
750 904
933 941
980 1000
273 661
970 1012
497 874
980 1010
619 881
665 1020
917 984
558 938
378 874
699 817
635 943
235 496
197 1025
21 944
1027 1033
799 931
198 472
729 1001
908 951
292 360
856 905
644 685
250 857
879 886
349 471
421 468
941 966
505 750
992 1024
796 832
306 336
458 508
848 974
843 954
614 844
304 429
321 350
372 388
358 560
350 569
110 833
750 999
834 1029
766 909
458 635
736 1013
852 958
708 1011
614 858
115 548
656 782
489 642
168 899
875 960
875 882
630 663
309 865
814 850
100 115
615 895
1023 1035
410 825
13 781
284 716
276 538
930 996
577 849
623 707
74 472
338 715
229 800
148 668
121 366
102 161
13 326
967 984
261 595
123 958
506 721
1024 1030
522 620
445 733
650 829
241 579
817 920
117 883
333 524
536 553
835 909
429 759
493 873
846 871
322 432
823 989
702 817
297 423
980 1012
607 761
738 754
2 956
110 679
537 925
987 999
834 955
959 1028
461 522
1007 1009
797 857
758 1016
435 961
587 865
607 947
220 1017
947 1014
1028 1031
226 619
63 473
568 628
971 977
721 864
857 859
559 697
574 965
848 886
63 529
237 828
947 957
152 992
232 413
80 530
1020 1030
598 903
779 856
826 839
128 846
642 845
109 906
555 682
383 667
730 767
473 684
334 1005
133 772
162 1023
223 607
468 500
122 227
118 682
757 902
283 636
282 501
191 507
991 1001
294 654
561 690
800 1010
81 339
573 845
952 1033
25 132
71 637
877 1031
370 732
850 863
86 327
389 883
502 1021
260 716
709 1023
106 927
319 819
13 639
154 833
961 1008
838 865
396 757
248 901
241 1026
680 900
229 437
298 305
113 308
425 914
744 975
417 740
681 695
1004 1014
1028 1033
688 690
569 606
310 557
136 747
399 714
280 409
377 462
947 1024
501 638
47 670
534 557
619 901
812 964
246 890
385 854
156 550
458 593
589 895
26 761
922 940
874 893
158 706
952 997
437 737
603 698
918 931
565 849
137 461
8 486
991 1006
225 446
348 535
794 852
14 186
296 724
749 757
398 500
961 1015
850 958
246 620
723 947
85 437
267 845
271 821
969 980
116 620
259 423
211 1005
928 996
213 967
149 218
660 683
679 960
968 1034
525 795
696 926
822 898
439 786
314 652
10 661
639 933
1013 1023
196 882
998 1025
928 953
823 990
840 985
931 968
305 540
178 992
821 1035
303 906
658 983
522 557
724 782
97 978
811 893
794 861
940 1011
418 564
365 379
120 141
322 950
248 876
603 843
155 678
961 980
334 683
629 860
99 902
229 912
534 994
1031 1032
448 697
75 982
594 622
407 967
734 812
520 912
675 950
486 785
299 493
730 986
732 939
1006 1012
447 487
458 897
508 1024
348 354
899 960
585 879
838 1023
271 686
376 701
884 979
561 759
61 953
953 1017
704 738
282 1010
539 958
336 481
20 453
787 1021
952 1001
556 821
310 1017
1013 1020
746 900
31 372
204 342
40 951
69 107
878 1005
787 843
75 766
919 995
167 319
495 987
29 690
33 906
1014 1025
521 547
65 403
335 735
765 810
312 628
769 1008
462 633
226 877
713 904
387 567
977 1034
508 822
760 931
374 471
352 947
706 776
857 998
549 752
236 803
615 768
688 816
854 912
895 978
590 802
487 522
161 173
706 966
331 855
975 1015
787 822
894 985
316 456
155 326
3 74
881 952
932 1021
194 434
306 614
999 1019
406 950
661 899
221 461
312 868
906 960
476 610
286 630
1001 1007
888 939
450 900
875 1029
430 464
1007 1029
658 895
338 1003
208 853
264 1014
584 627
360 889
397 417
134 573
273 700
188 785
499 703
417 722
937 987
884 920
237 718
26 413
98 500
852 950
432 758
322 533
235 376
46 326
489 724
462 990
380 663
491 991
751 831
356 610
397 725
458 967
1009 1029
688 945
641 840
768 933
513 889
151 769
117 969
852 1001
15 264
930 1003
749 785
939 965
80 945
283 1023
719 981
96 161
682 893
73 194
94 737
518 723
614 933
1005 1023
330 729
627 745
990 1031
931 949
23 216
835 971
988 1009
120 419
463 807
177 755
1029 1033
169 353
1013 1015
889 937
328 762
716 873
678 847
936 949
988 1006
354 764
171 446
60 258
993 1007
823 929
141 910
424 604
236 664
618 650
713 855
597 795
554 895
857 910
88 846
80 355
184 992
5 863
985 1002
429 547
78 792
877 922
188 771
974 1012
130 947
55 638
524 875
870 913
413 697
117 723
17 443
677 873
732 968
375 650
256 784
790 834
934 992
326 407
901 992
682 738
737 890
360 932
1000 1027
849 969
977 983
88 417
901 1015
904 920
131 362
351 916
603 948
250 665
1013 1021
135 359
744 1034
777 934
512 758
122 320
112 950
2 701
871 896
222 892
794 940
206 581
478 955
796 997
255 774
360 893
250 626
304 779
805 845
797 841
343 942
813 922
46 141
839 924
80 595
663 994
63 838
441 537
438 526
121 849
200 676
681 1006
889 951
994 995
598 671
502 960
692 901
777 860
735 1007
908 941
851 950
1010 1025
142 430
50 326
700 895
1027 1034
98 187
222 365
851 892
164 396
808 1026
564 791
29 226
458 732
933 973
445 607
538 891
879 887
873 904
209 460
639 850
267 920
449 697
508 519
636 714
152 669
542 775
1015 1032
949 994
38 1017
59 508
342 493
487 544
334 881
558 650
862 885
241 804
127 438
213 554
815 953
813 833
974 1027
782 893
767 930
608 954
490 659
1006 1023
647 1002
643 813
632 914
606 863
924 1014
104 111
509 860
698 824
111 724
350 489
381 499
894 1024
202 899
965 1014
914 916
924 960
487 743
623 960
585 611
245 539
867 981
997 1021
148 536
683 740
532 1026
312 469
846 900
464 695
720 994
611 973
430 604
601 689
433 986
355 880
687 754
821 901
159 604
542 717
415 570
197 591
580 626
780 953
490 998
526 665
470 496
791 954
660 711
314 766
318 479
316 625
683 725
113 904
234 435
496 894
563 872
576 882
558 735
260 603
162 843
130 158
210 391
889 900
299 959
530 895
715 887
1 209
528 759
419 460
653 860
882 910
862 966
746 1011
465 747
779 874
7 647
128 261
12 870
402 405
1020 1027
902 1004
571 722
472 982
63 779
52 453
674 881
49 53
55 553
478 897
180 863
443 800
808 1002
163 285
265 625
635 923
972 984
820 962
14 399
169 609
153 245
346 988
915 922
653 964
897 930
523 654
731 793
760 841
974 1014
273 458
469 567
511 962
956 973
756 928
615 729
669 933
915 987
670 891
436 588
314 490
28 44
920 953
179 240
334 1018
921 995
341 958
50 97
701 807
615 961
1020 1028
412 921
80 617
75 388
960 1002
686 900
413 886
136 153
893 995
893 899
541 843
84 893
943 1003
192 601
846 928
767 929
127 185
89 1005
844 948
864 896
656 869
48 790
848 987
610 941
199 483
76 658
211 822
841 992
679 997
819 984
625 658
998 1016
970 971
790 958
669 904
955 970
541 929
430 455
431 662
641 837
866 982
621 928
726 790
489 573
95 119
521 974
863 1014
383 725
725 816
843 930
515 760
653 859
943 973
337 903
33 672
241 295
688 960
815 898
433 789
65 822
532 625
814 953
240 456
696 941
843 861
550 905
832 1012
93 934
442 845
869 1015
222 617
797 839
413 986
936 967
543 1010
96 880
162 712
572 631
68 217
538 801
163 292
892 948
498 595
252 579
913 1031
709 933
975 1004
468 598
800 1024
827 927
454 559
818 960
261 824
563 613
80 608
492 836
858 1026
548 803
151 1015
176 609
733 930
501 743
61 723
263 910
277 991
467 512
882 905
343 756
628 631
101 1012
520 674
400 819
157 615
81 828
692 752
134 349
335 499
97 469
284 933
215 588
819 919
285 749
922 986
765 1029
41 132
574 796
401 753
274 362
995 1002
825 875
312 480
378 485
988 1035
665 1001
758 924
1026 1031
305 1004
906 1026
258 293
322 739
429 734
419 1019
13 730
490 767
935 1029
575 863
53 863
338 783
716 977
514 731
895 1023
469 798
763 876
605 959
145 262
125 335
757 1018
216 874
590 626
25 218
259 362
193 976
444 801
85 824
254 802
21 921
714 1019
687 858
274 880
505 731
42 468
921 1024
814 1016
517 778
900 982
583 861
953 960
903 966
64 1000
511 702
727 813
1004 1024
179 196
148 410
1007 1011
512 606
441 507
300 621
862 964
703 903
52 599
630 632
420 463
452 554
653 791
471 990
603 962
380 731
489 559
988 1013
507 1008
53 199
261 981
240 691
712 829
627 860
1026 1033
480 494
764 838
645 974
318 585
282 574
300 551
161 906
896 907
870 923
95 435
855 866
618 873
96 333
662 680
358 1015
390 447
154 1027
899 914
663 753
379 951
411 723
21 874
79 555
219 652
176 258
649 953
258 475
792 955
549 692
683 698
681 942
586 661
628 892
718 952
1007 1035
122 755
54 731
354 875
268 551
486 1001
670 915
827 958
236 629
410 1016
824 842
859 1003
481 975
101 988
366 847
841 844
1016 1021
705 1031
500 911
527 559
947 982
250 951
604 876
126 318
641 999
132 273
315 989
64 923
347 962
695 726
536 896
250 813
182 754
390 969
241 839
90 861
523 592
933 982
515 739
601 884
263 693
940 997
751 926
50 373
464 977
586 912
8 173
150 285
184 972
9 822
655 697
818 942
949 966
322 588
572 1029
175 605
694 1001
522 912
659 762
35 1029
975 1028
657 747
331 608
230 940
899 976
953 998
167 322
138 242
566 815
624 734
779 967
310 775
133 642
128 242
666 858
502 609
591 753
799 824
300 663
440 726
591 738
682 919
175 563
399 666
401 741
797 799
900 965
486 825
707 1007
407 641
481 793
670 820
687 795
339 827
462 793
430 812
350 456
548 945
906 965
131 963
257 704
475 1023
696 965
593 1022
379 412
114 922
604 847
446 551
477 529
897 936
773 810
407 687
786 1031
931 937
48 968
48 74
897 981
975 1001
151 712
214 948
773 818
1023 1027
983 1005
668 722
51 1006
57 978
60 748
766 949
63 407
210 348
645 887
477 854
489 600
878 961
242 677
60 760
619 974
369 382
169 481
695 949
118 288
156 612
322 742
858 1005
637 845
985 999
36 430
1018 1023
765 986
840 869
169 545
759 962
202 658
548 941
756 926
450 970
8 151
775 1010
853 876
601 626
997 1000
77 309
179 886
780 950
499 1008
717 797
987 998
483 909
439 485
870 1018
786 937
248 718
808 859
147 570
226 436
629 696
533 843
549 854
1016 1023
61 483
555 768
556 982
715 911
486 867
726 874
237 556
911 920
30 900
978 1029
350 767
338 342
698 796
593 1002
712 1018
331 587
486 716
5 1015
230 903
985 1017
349 366
313 883
29 545
60 647
451 1009
426 952
261 330
915 919
65 84
99 708
686 935
632 654
553 789
168 642
578 834
431 907
287 1006
945 997
118 1021
751 860
71 262
645 726
159 1004
740 874
413 1030
657 841
751 860
310 490
170 792
823 859
527 619
134 803
905 928
165 444
422 843
465 916
980 985
596 728
609 648
356 602
596 754
393 959
149 702
322 814
923 933
186 690
741 878
319 794
10 936
1017 1034
915 981
333 497
1026 1031
281 689
460 1008
26 453
774 912
435 678
328 954
320 1028
413 813
440 565
856 939
351 1011
277 788
885 938
615 895
918 947
54 300
188 277
271 752
958 1024
282 461
785 839
833 889
246 900
705 1011
1029 1030
714 758
761 926
901 947
669 781
924 1002
471 945
72 846
250 355
470 842
539 644
131 1023
587 639
779 999
986 1011
150 299
1017 1026
88 672
318 1005
389 512
948 1024
64 506
499 540
386 619
333 672
4 825
533 894
343 806
293 590
941 962
881 1012
661 724
181 765
758 866
602 786
889 968
1003 1016
889 969
691 909
1013 1022
431 675
690 750
450 818
61 552
47 89
987 1027
465 648
514 798
554 939
925 1024
283 814
405 429
917 952
62 528
917 1022
469 856
1020 1026
110 875
354 514
618 924
100 272
239 1033
392 808
135 949
744 922
1006 1019
13 701
295 782
772 865
38 303
507 560
159 691
489 522
124 733
1010 1035
208 1013
38 296
746 922
489 928
4 195
486 736
943 992
355 607
704 778
235 432
370 951
227 586
698 967
566 938
495 728
972 1020
861 996
145 305
199 279
117 288
427 684
725 838
569 1016
32 607
513 938
462 587
601 977
789 907
332 796
653 746
318 874
489 894
711 1020
754 923
956 986
584 713
477 776
742 990
857 963
358 797
974 1032
596 942
465 816
982 997
210 795
706 820
662 802
360 582
130 701
247 509
26 554
1023 1035
339 491
176 588
111 898
747 1003
732 987
487 618
104 575
800 873
529 1001
765 820
985 1009
251 364
869 1031
883 945
47 473
111 780
827 967
153 280
350 817
565 673
877 976
344 558
591 764
813 817
230 281
194 587
581 630
558 695
584 927
945 963
476 992
344 841
922 1022
218 832
693 729
629 840
450 691
319 713
26 587
905 1000
8 17
367 886
907 1031
1011 1034
327 941
381 1031
393 603
619 970
151 835
430 894
779 842
691 788
46 934
520 658
761 903
581 893
966 991
901 936
594 713
111 927
809 1025
740 892
931 991
279 805
548 665
109 397
959 1015
996 1012
640 872
305 474
114 302
22 215
293 761
836 939
505 986
257 754
181 319
566 892
46 916
539 900
957 986
871 976
217 886
770 973
277 688
443 672
218 446
936 994
967 1034
54 543
524 774
1023 1033
889 1020
500 624
967 1002
322 725
90 754
813 1027
839 886
756 765
376 417
903 1011
28 436
617 835
346 366
647 823
185 325
111 652
398 693
231 623
266 436
433 448
95 470
412 869
666 741
512 946
534 650
224 348
921 1028
126 1011
847 993
89 617
646 796
743 938
1023 1031
1008 1030
888 905
755 815
456 556
299 422
218 486
697 823
4 558
810 844
151 739
435 562
99 465
213 405
40 871
434 504
780 961
631 835
915 934
905 928
776 902
112 516
617 881
687 732
416 975
344 363
616 826
19 89
567 1015
767 1010
490 564
663 719
50 102
214 458
943 1006
547 818
861 889
732 995
581 780
923 981
952 982
775 1009
248 880
503 925
886 907
639 977
741 949
372 627
968 1029
144 246
907 952
758 918
339 805
905 1011
491 905
21 732
557 655
486 612
791 1016
259 991
366 897
97 302
280 320
842 960
382 795
934 940
477 954
971 1033
530 793
146 721
410 1012
842 1007
801 847
760 842
652 941
656 777
1026 1028
290 1027
587 1010
829 860
477 812
113 381
604 608
602 664
111 629
270 646
267 818
953 988
914 1024
990 1022
11 784
865 876
452 730
270 720
400 957
781 996
764 929
1034 1035
789 916
385 632
1016 1020
124 750
628 765
497 775
193 292
179 510
442 561
812 977
68 930
744 823
617 983
280 782
332 468
834 945
375 602
517 558
1011 1026
421 578
496 533
608 761
475 641
887 905
459 989
371 376
623 862
549 921
931 952
179 981
605 828
256 721
1001 1010
618 736
992 1030
662 913
871 963
318 801
484 791
260 380
204 750
38 470
252 843
264 601
999 1033
587 763
951 969
685 825
497 715
271 619
265 958
443 724
250 596
291 739
768 966
807 886
885 896
515 601
882 1009
873 1021
420 531
977 1032
978 1027
74 882
524 1034
300 932
97 916
46 922
417 771
34 852
176 1009
717 780
723 979
50 991
993 1016
215 548
94 133
243 286
543 638
793 825
206 775
545 719
552 843
242 997
676 974
965 1022
617 980
1010 1019
979 1035
442 537
852 869
640 918
218 991
89 116
101 959
363 398
461 850
669 808
599 1029
571 643
880 887
836 962
868 906
511 709
60 244
216 1017
1011 1032
234 350
107 827
575 984
526 966
374 891
191 696
218 930
636 741
939 1019
975 1015
969 1034
995 1012
422 449
923 994
847 916
912 951
980 1006
106 265
565 664
932 1025
997 1011
1 859
211 424
336 654
56 625
297 907
653 727
201 936
548 1031
272 746
1028 1029
864 893
764 891
852 931
380 893
163 666
274 653
149 532
975 995
222 665
258 856
347 513
1029 1031
682 855
456 663
928 939
157 291
888 948
519 796
37 498
210 1006
336 934
64 423
517 972
250 514
575 933
206 953
886 1020
629 794
707 797
239 520
850 885
714 781
326 710
519 569
703 721
258 1020
79 208
515 617
200 298
326 490
853 921
714 720
42 1029
610 888
665 865
196 395
501 611
46 961
411 812
671 822
271 338
178 915
796 851
802 983
801 879
945 1014
937 960
184 795
171 583
20 807
63 614
650 743
242 942
106 249
809 811
467 763
973 998
80 966
463 804
306 933
325 495
73 849
839 962
256 655
357 626
259 579
119 659
620 922
862 910
160 407
210 360
558 971
942 1000
43 369
715 748
535 799
490 830
769 834
394 973
760 873
778 1028
446 792
744 1016
650 803
296 961
606 817
250 445
820 893
141 735
618 998
212 704
800 968
724 731
708 856
756 951
925 976
906 991
805 808
878 1018
607 888
890 1033
396 453
404 618
886 983
508 882
577 591
638 813
563 675
565 674
4 970
900 1002
87 959
912 937
552 834
747 877
1028 1033
710 964
1023 1032
553 607
811 835
49 194
818 863
915 982
729 932
654 987
605 720
263 884
339 916
812 891
275 581
284 575
706 803
172 313
327 556
790 832
181 819
1020 1023
75 840
280 1023
563 729
454 779
45 927
7 252
706 952
918 954
159 499
453 565
210 501
633 1032
543 953
799 826
269 689
595 998
998 1018
457 987
44 595
389 791
194 915
351 1034
336 954
1026 1034
867 1032
653 949
118 318
78 842
850 1035
376 756
305 733
1 428
292 968
776 804
704 765
600 792
303 692
768 794
925 994
749 1028
665 898
315 1027
23 701
121 134
769 1007
942 1034
305 636
345 815
159 728
487 515
408 663
747 942
587 884
113 348
16 439
68 151
819 1023
442 689
219 717
702 734
35 675
269 450
462 524
593 721
609 713
594 938
346 536
827 883
345 776
74 93
736 748
791 824
680 1016
733 879
202 622
914 977
350 779
767 1005
302 545
135 534
910 966
540 745
33 418
551 807
930 959
657 1025
1000 1005
248 823
1021 1022
422 911
856 860
805 975
338 982
37 805
738 782
67 897
679 742
139 776
398 730
167 927
907 990
906 994
452 712
202 996
720 925
496 792
326 834
979 992
978 1009
189 989
561 818
497 977
70 218
641 1014
93 134
677 688
72 418
660 833
570 632
459 816
782 808
917 946
711 789
198 648
604 858
453 929
336 346
808 1012
177 917
893 909
726 790
624 962
579 1023
93 107
155 535
254 852
716 745
199 222
700 731
395 873
49 840
574 1004
234 396
474 758
844 961
631 987
1028 1031
130 248
981 1031
653 846
780 970
693 985
240 535
868 931
319 721
74 89
407 1014
439 905
234 874
951 983
984 994
283 1008
482 681
209 905
533 607
679 944
318 692
236 622
174 720
164 428
900 991
758 886
552 915
609 918
50 1004
397 998
599 949
230 313
717 952
321 793
894 897
990 1013
988 993
223 401
869 922
544 665
884 969
806 1006
711 796
133 628
445 584
288 722
75 98
118 784
837 840
89 656
487 591
954 1002
148 825
870 1016
588 881
715 996
725 766
956 1022
410 783
666 723
165 325
100 137
384 1009
770 925
82 829
896 928
297 380
466 1014
250 471
30 205
805 1031
373 932
124 914
961 964
890 1025
927 935
382 1031
786 848
925 1017
1015 1032
515 751
245 529
819 841
321 772
406 511
484 557
1034 1035
260 929
469 672
1010 1022
100 356
795 804
828 1002
337 965
516 639
515 908
384 859
40 819
716 796
197 660
754 941
502 713
543 943
316 642
35 73
129 234
697 805
968 978
634 800
109 560
60 1024
266 597
424 821
839 900
391 908
286 722
895 929
924 942
786 904
650 902
270 664
237 925
387 990
48 657
547 703
535 648
661 919
30 835
761 895
652 711
186 462
611 769
940 1026
125 688
864 970
40 790
659 743
862 955
874 977
822 873
378 392
55 690
123 850
849 943
340 620
501 725
216 466
161 508
490 791
224 491
995 1031
735 916
626 854
337 1030
643 1029
1006 1024
581 880
290 606
882 953
79 540
902 981
846 857
206 620
134 329
360 985
181 729
343 753
195 722
274 939
12 735
60 192
1026 1034
773 859
180 238
151 564
376 501
18 260
845 992
1022 1034
640 955
366 932
913 946
686 987
823 890
572 883
999 1008
726 966
786 857
398 630
1015 1028
744 997
958 982
527 980
377 815
274 648
39 208
843 945
268 911
772 1031
70 204
967 995
93 435
911 932
844 922
970 1028
793 956
238 367
760 814
409 994
871 1034
439 771
368 737
975 1000
687 884
10 437
305 317
580 988
969 984
87 163
111 395
350 394
597 788
627 1022
269 963
184 222
71 434
994 1029
357 530
849 953
786 925
632 883
610 873
22 383
333 920
583 876
972 1007
269 283
765 777
327 673
297 557
895 986
327 600
343 801
133 1005
105 199
409 787
655 954
504 741
1001 1013
968 1027
82 220
613 863
464 688
782 951
668 933
152 903
650 872
514 997
970 988
436 851
835 978
875 1007
395 612
870 924
784 804
18 114
896 978
147 573
395 452
820 1001
77 965
987 988
170 385
842 1007
128 519
89 947
110 549
679 975
561 873
251 1026
18 837
51 1015
262 509
1010 1023
270 388
79 133
423 579
550 802
110 512
103 278
855 988
112 293
906 981
722 723
59 604
5 605
990 1019
753 1016
382 953
932 990
71 160
425 972
888 1001
500 865
534 938
919 979
969 977
48 924
6 267
122 815
186 784
535 1001
767 873
1031 1032
115 302
961 996
84 944
976 1022
505 981
670 679
297 905
883 999
983 1018
677 855
861 960
961 1029
307 688
462 599
517 890
77 1022
105 231
813 979
877 927
936 1001
569 982
344 380
769 816
75 825
8 17
644 788
902 933
1028 1031
998 1021
1011 1017
33 849
491 879
901 964
980 1009
337 556
348 656
171 821
745 771
619 966
111 527
373 817
537 603
520 531
690 921
116 386
412 700
490 926
889 891
358 492
608 808
143 917
805 1018
582 919
810 872
924 937
715 881
783 813
341 610
980 1013
101 594
261 852
796 1006
52 71
542 1006
167 666
76 215
871 947
972 983
950 1007
978 988
792 975
373 606
135 149
144 1012
916 928
300 889
242 986
93 892
733 993
978 1011
151 895
378 952
493 865
329 615
923 927
824 897
1002 1011
494 525
250 969
793 1007
155 753
886 891
351 352
388 642
434 799
789 949
144 237
758 821
756 910
953 954
699 800
807 1027
983 985
936 961
742 967
297 828
1023 1025
461 701
79 863
1011 1023
415 604
315 752
942 989
52 805
221 510
415 760
257 809
331 754
754 988
714 747
736 817
111 827
769 844
455 625
173 530
797 909
228 855
1015 1034
50 818
168 220
291 637
241 900
206 647
537 700
87 624
14 543
148 1029
646 988
250 689
620 784
446 454
574 923
715 782
950 957
681 891
535 1011
749 783
620 1010
624 699
435 892
596 902
999 1022
268 358
997 1035
438 655
101 865
799 900
434 535
51 431
200 476
907 950
844 966
375 955
974 987
998 1022
121 254
181 971
967 988
163 393
861 870
442 507
172 713
793 956
993 1008
423 818
514 875
669 814
416 928
241 1030
605 697
221 586
370 576
863 868
797 841
39 314
578 1035
255 540
713 1030
246 366
337 436
282 852
536 867
546 903
474 827
1005 1024
963 996
26 135
818 1009
26 549
80 269
588 870
1031 1035
347 834
1011 1033
877 1030
206 668
599 892
808 1031
377 461
652 931
538 749
15 802
206 894
893 988
842 969
379 794
485 696
912 926
865 906
10 640
639 650
1019 1030
534 783
238 305
670 856
44 352
753 997
306 1032
110 724
741 987
58 513
553 911
24 347
96 478
1019 1035
128 514
432 815
664 717
345 844
674 821
2 108
833 859
978 1027
736 762
797 923
356 863
584 940
50 803
424 919
837 839
454 583
121 128
76 383
953 959
542 611
713 846
10 243
326 853
698 819
477 894
573 813
212 747
680 756
1031 1034
404 608
413 853
756 889
9 459
659 1008
971 1018
552 894
143 971
858 968
414 818
126 567
229 467
726 953
700 813
600 778
577 1010
224 236
55 541
391 938
759 949
243 335
890 1032
322 743
15 166
190 446
147 737
144 653
914 1030
784 833
842 955
675 969
490 852
257 678
380 781
923 958
134 526
149 484
345 859
33 1008
854 905
26 317
894 1009
854 1019
989 1020
429 775
256 401
822 904
814 939
91 590
302 900
466 904
841 1003
280 533
1003 1012
96 413
76 921
957 1024
426 575
822 1021
900 930
177 480
935 1007
271 789
972 1034
932 1005
276 580
548 904
748 996
256 444
22 914
512 533
360 966
108 269
395 575
543 986
812 841
464 601
247 388
190 680
368 564
639 817
302 652
541 804
967 981
815 984
709 910
190 1004
71 744
183 221
959 1006
334 929
518 623
168 619
81 683
264 339
859 989
507 815
957 974
359 469
862 952
800 874
58 478
984 1018
789 934
981 983
349 446
726 731
184 631
465 717
166 491
893 965
136 933
520 900
230 350
582 707
938 1023
62 974
954 967
648 928
83 874
566 743
1025 1030
140 287
198 1017
197 525
884 947
871 985
867 986
610 844
214 891
333 379
680 902
202 658
953 1025
318 751
310 738
544 916
165 930
1020 1032
156 488
707 922
774 871
439 739
960 987
942 1020
377 620
970 995
309 652
160 697
645 798
81 326
797 875
623 874
551 1027
341 927
1024 1025
505 576
143 641
538 882
209 675
55 777
546 800
651 814
529 749
42 837
1023 1034
143 835
343 570
445 635
907 987
1018 1025
571 713
745 904
377 964
676 817
976 1033
114 778
801 925
945 1021
390 557
830 1019
87 227
837 996
574 948
790 838
1001 1033
797 800
660 732
361 505
995 1035
236 605
534 780
837 872
739 970
780 1006
380 629
664 754
956 999
412 828
449 621
290 933
630 653
7 875
376 791
683 881
874 1033
554 791
717 854
851 901
982 991
1033 1035
431 784
219 365
1011 1020
368 797
374 616
1029 1035
988 1020
580 915
518 900
578 642
563 730
378 949
419 569
864 916
35 271
750 966
226 311
688 817
19 155
781 879
787 842
899 939
209 603
839 865
441 565
96 294
498 635
751 985
750 969
483 687
415 746
979 980
139 308
382 552
132 884
178 894
565 928
551 582
179 632
736 920
96 749
920 1031
92 331
943 985
692 934
616 950
564 671
425 636
69 639
546 627
783 837
205 239
755 762
925 966
423 703
289 396
336 922
944 978
551 623
190 930
571 905
183 975
477 863
34 120
59 392
567 594
142 811
117 794
764 1031
30 251
529 1015
664 1032
36 69
639 929
488 792
950 982
957 999
503 808
648 774
123 927
509 681
145 364
836 1034
365 849
262 613
465 846
442 531
964 1004
426 870
803 826
249 467
421 456
635 808
987 995
540 974
815 994
757 1004
806 1009
396 823
311 926
337 529
183 301
616 974
158 881
988 1034
819 912
583 768
263 778
240 323
903 977
792 813
262 530
306 1017
964 1007
33 877
1013 1020
835 953
943 1032
291 755
570 803
23 794
383 492
394 618
362 374
182 800
199 381
404 798
613 760
442 458
832 872
786 801
840 870
820 905
107 956
361 365
221 925
598 649
460 845
890 910
120 713
930 951
422 896
782 939
634 1027
498 667
279 330
107 304
597 661
538 579
85 633
582 798
956 995
595 774
789 972
805 983
960 1011
902 928
970 1006
9 431
154 250
23 770
858 1022
118 161
231 444
909 998
136 222
176 369
51 229
653 768
853 1016
324 632
438 662
215 539
971 994
566 986
696 1011
339 774
668 933
681 684
819 907
619 829
564 924
732 786
425 878
865 866
662 828
858 995
803 947
218 248
125 847
418 1007
328 567
747 998
685 735
440 661
723 958
122 196
658 968
247 399
722 977
592 809
870 897
492 501
12 411
491 631
118 409
79 282
344 793
686 1012
741 968
34 751
951 953
953 987
793 1031
269 829
506 644
834 1015
346 843
280 744
656 881
426 803
806 972
489 810
533 841
404 1026
751 754
887 937
897 976
684 692
551 557
900 915
132 388
1022 1025
643 833
992 1008
944 987
87 760
6 20
988 1002
926 1000
399 1019
177 477
63 116
662 916
627 853
351 971
868 1018
480 851
701 971
744 840
1005 1024
639 940
454 648
173 986
873 900
814 887
435 883
811 980
339 550
123 726
718 809
668 817
976 984
910 953
980 1033
945 966
923 970
806 807
677 1010
75 286
532 870
371 599
349 953
363 448
1029 1030
558 606
456 986
43 85
458 816
815 925
917 990
993 1027
1020 1024
511 909
936 948
877 915
89 559
710 1034
1013 1015
844 1018
295 498
45 709
324 534
64 640
577 743
676 825
161 919
410 606
173 1024
955 987
47 207
853 881
687 957
414 1026
616 692
193 600
939 1026
474 833
721 937
395 961
1010 1018
771 875
74 632
236 723
575 831
262 868
34 63
767 843
2 597
886 955
998 1008
1019 1031
891 1018
766 844
664 875
988 999
305 756
1014 1016
83 915
522 570
56 70
738 777
701 936
82 563
940 945
910 1026
203 300
175 876
339 931
321 550
892 969
834 908
1019 1033
461 551
212 232
974 997
946 1014
61 118
324 453
163 999
644 924
318 425
767 822
472 905
760 790
643 706
258 551
697 758
507 890
827 1002
385 755
504 713
44 436
857 969
827 831
1000 1002
259 696
175 196
908 943
334 615
39 909
160 304
294 356
542 682
252 417
522 575
991 1026
333 548
548 940
1005 1015
1020 1030
572 984
321 517
197 638
909 949
165 288
639 910
150 657
842 974
901 975
404 627
834 842
197 660
110 220
780 899
250 772
76 451
297 951
67 452
815 881
906 935
920 938
269 458
713 973
338 465
898 983
163 531
707 714
629 726
713 922
760 848
989 1000
95 799
368 718
407 690
214 571
99 673
364 709
464 650
814 936
158 592
958 993
639 741
126 334
327 1033
920 1020
9 507
633 871
646 881
832 859
585 780
656 715
86 95
56 196
642 926
242 797
526 938
487 642
521 998
510 682
88 335
329 340
14 329
793 842
948 959
876 993
495 518
400 520
506 929
196 501
792 897
505 877
916 1009
18 358
736 806
439 733
809 857
1021 1032
74 1026
490 988
60 511
238 567
947 991
179 817
538 606
617 888
969 976
789 1022
29 590
931 973
65 218
149 486
962 977
191 1025
472 624
113 576
792 1012
1017 1029
365 853
76 977
189 619
59 984
1031 1032
1005 1012
96 684
778 1009
203 947
431 1013
710 788
254 531
813 987
1034 1035
607 797
149 761
759 985
55 255
243 658
389 772
837 855
664 949
671 928
634 1009
616 827
24 658
912 985
771 967
719 952
635 818
740 764
891 950
506 810
938 997
231 338
550 691
349 484
459 930
596 924
993 1029
100 812
857 858
434 1021
839 989
515 559
456 949
547 682
666 743
13 743
596 743
835 913
928 931
577 864
173 538
466 700
13 704
27 211
569 607
852 927
322 680
59 171
184 905
551 654
725 802
855 897
820 907
799 855
234 932
684 962
530 752
482 892
728 876
311 729
366 923
83 133
475 735
383 702
235 853
1022 1028
674 966
599 887
140 328
874 911
525 563
52 971
339 462
821 910
1010 1035
583 686
809 840
736 823
270 937
446 956
271 531
55 630
807 868
90 771
513 859
981 1000
824 971
637 708
674 932
151 653
793 951
576 726
985 1031
641 765
173 322
227 658
380 449
495 707
1017 1032
860 938
626 900
278 409
617 738
448 591
1008 1015
263 788
635 868
814 974
767 818
516 736
986 991
675 840
63 607
639 740
571 779
675 768
972 995
1016 1023
125 998
357 948
1026 1034
637 937
563 768
74 805
354 653
170 710
253 382
64 697
185 249
884 1020
22 987
446 847
479 653
375 588
363 454
958 1018
482 947
1012 1015
364 761
890 974
390 1033
8 788
371 939
374 809
253 829
939 1021
27 401
88 943
274 1022
83 129
790 996
108 603
134 249
353 803
873 902
619 680
641 671
598 1030
289 692
515 916
997 1010
203 820
486 961
594 956
363 831
27 779
875 900
809 821
966 988
947 1002
1028 1034
584 784
287 437
783 843
15 42
201 974
214 527
47 237
289 573
341 493
681 916
817 953
234 367
585 1013
937 1008
287 919
225 294
942 968
891 1028
978 1024
269 912
467 656
33 440
225 951
69 529
66 719
1034 1035
910 1022
969 991
578 801
391 623
249 356
867 910
334 736
253 618
848 974
381 442
380 538
515 653
335 665
859 861
147 172
204 620
163 693
718 807
190 362
836 965
726 980
922 959
305 634
107 724
78 323
783 886
1007 1017
759 827
284 924
144 728
530 836
816 929
904 905
35 196
512 881
934 988
632 828
923 941
228 512
915 955
516 517
881 887
333 990
333 766
574 741
603 769
1034 1035
685 901
721 850
647 996
934 985
751 853
327 751
540 917
886 965
366 1019
126 650
663 959
596 743
138 499
694 933
414 808
316 846
940 952
1023 1028
35 255
700 982
82 578
791 811
725 1018
352 627
435 793
731 932
401 561
840 861
697 1015
438 960
864 1017
24 320
67 630
671 749
843 963
421 904
945 1000
139 759
1011 1021
807 1032
33 830
503 529
253 335
68 626
842 941
154 867
894 898
920 952
614 627
256 962
999 1015
156 801
699 857
961 975
442 946
522 795
750 841
654 954
1 406
669 743
733 941
682 768
872 907
33 853
23 937
744 874
800 1019
888 1017
945 969
928 1028
806 980
332 542
186 527
309 862
687 865
927 970
685 780
966 1010
141 486
704 758
164 272
343 878
327 1013
155 525
870 996
274 564
124 299
776 943
174 492
946 1010
227 818
164 580
642 782
871 997
390 496
514 530
1007 1021
910 996
690 970
7 921
835 841
1023 1035
827 1033
284 924
729 784
616 831
780 937
488 1024
824 925
592 987
57 264
850 983
60 497
678 730
236 866
862 919
363 987
813 921
483 668
836 1020
81 329
219 361
206 572
993 1034
1006 1015
676 752
673 976
295 582
1010 1016
547 813
165 360
290 628
156 568
187 549
937 963
952 1014
461 703
360 961
271 797
354 726
869 930
371 962
630 690
245 409
461 925
240 1001
302 527
304 676
946 1004
249 345
430 857
28 212
997 1015
989 995
465 1010
744 1016
428 992
971 997
81 567
781 800
876 961
261 653
486 804
729 976
703 763
604 850
307 846
833 982
69 931
166 450
24 295
795 844
483 1030
529 778
258 312
627 680
231 484
977 997
813 996
108 850
724 776
521 847
22 685
18 448
312 532
1017 1022
825 874
864 976
42 667
242 659
73 363
600 884
382 436
808 867
70 302
73 600
541 569
59 96
846 996
752 1001
568 962
227 233
526 729
144 762
277 792
108 730
837 1020
1015 1026
795 1022
828 1023
229 475
233 349
641 749
169 210
221 962
900 920
757 865
430 726
965 998
375 1025
332 596
610 1002
540 658
855 889
61 525
132 567
89 446
543 917
181 695
999 1035
355 883
312 448
960 1024
588 989
739 866
271 862
992 1022
808 934
650 749
426 596
359 785
154 155
703 858
723 779
611 798
401 837
501 710
424 558
101 684
466 788
593 714
346 733
1006 1020
404 843
51 416
802 902
163 926
677 727
185 516
258 895
7 999
475 536
544 713
38 269
606 819
777 979
655 804
105 951
954 1000
255 512
345 663
1032 1033
966 1026
670 1015
301 554
855 1027
35 854
788 987
919 980
1024 1026
210 372
301 369
138 836
842 1023
995 1020
673 713
729 795
996 1024
118 599
945 995
127 656
341 437
679 916
300 391
701 859
549 732
119 355
897 926
491 945
620 929
911 966
865 984
641 788
9 920
707 992
435 898
263 603
182 310
1000 1021
576 718
350 575
626 802
277 868
683 891
236 832
43 509
36 333
65 112
153 879
997 999
297 807
592 962
873 923
145 481
112 362
749 751
317 970
718 968
852 920
854 889
868 919
959 964
490 755
264 511
15 803
409 658
364 879
602 1007
281 645
623 903
730 820
261 672
959 1030
246 664
937 987
1008 1029
920 954
829 835
933 1014
58 705
885 992
683 709
414 809
54 948
832 970
734 788
481 990
676 716
366 766
528 677
539 632
795 994
539 1029
263 678
899 979
774 808
68 929
910 930
162 383
118 147
805 1026
852 994
61 564
226 443
644 836
22 685
882 898
993 1031
640 779
926 955
340 538
573 852
899 987
256 1024
997 1002
221 281
905 981
668 886
697 743
231 731
535 818
1004 1016
121 818
862 917
604 955
201 615
1024 1026
1 50
34 291
241 667
697 986
524 796
1023 1031
101 668
396 887
957 985
853 903
543 951
368 467
69 351
317 531
50 223
870 1000
691 714
606 826
499 999
300 320
694 907
828 977
96 800
336 461
640 914
813 880
891 960
722 958
167 204
710 891
237 619
1025 1034
1004 1029
620 688
584 633
439 465
267 883
663 854
271 326
458 897
25 749
990 1033
783 814
1020 1023
600 741
557 733
463 477
584 863
411 1005
914 936
457 870
831 929
713 1034
520 966
845 878
584 857
738 755
158 364
749 884
513 834
249 259
530 601
808 840
796 812
303 546
115 672
866 945
662 708
355 938
637 798
815 928
262 631
600 976
768 780
724 798
89 124
601 604
692 726
134 710
873 908
38 583
970 1017
540 708
414 846
818 981
827 1021
738 996
759 883
940 1028
312 509
955 1024
320 674
592 896
441 960
223 313
621 1021
302 766
168 356
444 713
289 778
889 983
381 761
603 690
1004 1009
1030 1034
709 1012
740 799
853 1025
47 345
888 979
198 754
212 1032
366 418
163 577
671 752
146 467
577 730
203 595
988 1008
781 1031
871 980
714 716
44 842
898 1004
575 767
338 701
735 916
18 649
12 412
967 1009
693 776
957 1024
3 874
363 382
903 1031
275 961
739 953
229 337
892 974
702 906
273 960
829 838
35 458
467 556
422 766
1005 1011
535 693
370 972
884 946
496 714
258 892
415 512
16 322
243 857
378 604
688 867
453 606
167 588
20 508
97 924
611 995
698 940
114 1011
500 548
899 937
436 647
944 950
354 440
615 794
389 695
789 937
615 974
596 630
842 866
450 747
20 1004
1015 1025
462 573
539 556
58 656
1013 1022
748 842
982 1026
677 997
935 967
324 724
940 954
68 445
249 828
448 848
519 707
543 1034
560 812
880 991
182 199
36 991
388 956
331 435
493 527
1027 1031
1008 1035
416 574
625 802
920 933
27 167
937 970
1015 1021
730 820
411 613
587 626
846 916
534 1003
565 934
348 628
538 970
234 724
1019 1033
939 1019
455 1023
984 1005
267 812
880 902
2 233
47 325
133 272
259 284
396 946
207 596
218 420
221 334
129 603
325 339
888 959
10 297
345 1012
117 266
643 719
193 538
1016 1017
922 983
402 483
185 952
887 991
484 724
811 1023
909 995
210 281
240 635
821 925
230 400
17 955
896 977
968 1005
350 517
928 947
317 603
490 545
97 597
2 136
76 963
100 485
604 912
756 914
518 702
232 645
239 402
746 870
65 102
303 482
431 842
329 385
59 767
450 991
234 712
333 789
796 949
833 1003
212 283
442 714
646 1003
407 496
226 864
361 977
559 887
421 822
570 977
931 1023
780 804
924 945
950 1020
224 1026
964 997
515 516
436 721
527 715
410 506
853 963
233 773
630 944
577 714
1011 1023
755 766
473 856
935 1006
276 697
147 400
6 273
962 1011
262 326
347 915
25 102
411 736
749 802
582 682
924 933
469 698
848 903
28 673
836 921
508 880
186 840
867 892
1030 1035
886 1008
291 949
418 428
386 390
137 412
283 516
681 934
935 1019
819 914
662 826
921 961
759 1032
76 273
706 726
169 395
242 340
878 980
361 931
727 969
211 942
942 1025
363 486
646 920
261 342
6 366
958 969
697 906
580 710
578 1008
624 799
331 532
314 601
20 683
345 507
397 711
739 794
250 270
358 651
121 303
745 1019
303 829
832 952
611 1007
429 763
370 540
215 260
31 210
556 727
851 881
544 947
422 991
564 692
560 864
181 928
1031 1033
562 949
677 759
617 840
338 899
756 945
904 1030
520 673
357 757
906 984
516 608
530 953
724 862
708 728
207 821
409 999
345 801
375 800
828 830
231 743
688 993
810 919
281 466
69 408
196 475
280 505
379 450
452 988
614 751
711 769
122 660
170 336
956 1000
984 1018
269 742
270 804
872 1005
113 592
39 1010
963 1016
343 506
200 957
788 846
841 1016
566 1014
253 470
463 941
84 881
721 796
116 317
161 297
436 825
221 345
765 766
613 797
58 287
893 1015
941 1011
979 1003
518 633
61 994
277 473
49 876
1021 1025
552 979
825 985
994 1032
759 1011
846 945
298 987
873 930
873 983
249 1006
52 319
570 602
660 998
402 801
579 662
636 654
604 619
505 717
310 705
455 599
37 123
593 721
311 585
361 932
522 937
208 489
473 841
170 471
942 1017
74 404
312 1027
589 804
23 776
784 858
974 995
255 566
948 960
472 725
816 817
880 921
1024 1033
478 613
297 377
247 407
130 156
24 786
733 746
532 978
300 796
66 671
502 826
668 842
521 947
57 596
996 1029
456 877
78 106
334 634
352 687
1024 1029
1034 1035
461 892
191 893
764 855
549 933
345 541
546 913
119 544
772 874
135 844
169 371
596 814
368 601
971 976
431 547
814 1011
991 1030
560 784
778 921
375 976
367 824
341 984
256 778
545 716
971 986
356 469
164 684
378 816
35 937
347 491
275 844
31 594
328 560
345 727
484 892
948 950
622 969
27 647
625 899
291 849
452 1014
407 623
154 849
670 999
346 626
933 981
711 918
204 886
255 642
444 557
173 177
964 970
701 903
628 676
461 517
904 1029
145 755
897 911
476 704
333 547
852 889
499 967
872 959
51 922
517 901
656 836
568 842
196 522
242 272
999 1008
655 861
136 246
801 928
744 841
655 834
524 825
242 787
286 563
99 275
361 1026
977 986
701 971
310 559
936 1010
184 384
337 573
1031 1033
52 654
894 968
278 983
162 365
465 978
816 958
353 605
889 965
746 806
600 775
549 698
753 966
294 580
521 561
725 990
919 1032
762 903
156 991
458 463
999 1021
728 742
432 592
238 564
316 931
889 900
555 567
549 761
827 938
372 420
263 600
638 791
861 951
720 740
83 765
821 831
567 591
1 496
33 109
899 989
772 860
884 1030
819 972
714 866
33 90
661 695
435 474
941 976
693 1026
655 672
901 935
220 320
551 966
703 1018
627 927
978 1030
170 581
1021 1027
870 917
600 860
127 525
589 777
89 463
768 969
212 454
1 67
331 505
17 242
811 962
721 901
667 1033
139 160
545 755
478 769
671 767
851 874
687 1014
3 696
581 1016
114 332
7 913
172 838
755 814
503 931
587 664
746 982
133 799
805 958
690 945
124 636
548 685
661 850
719 840
653 980
669 774
409 629
347 867
845 988
298 386
117 602
72 411
586 986
630 726
413 810
486 850
1012 1028
564 821
13 903
540 843
298 953
37 181
120 159
513 732
104 295
151 571
154 496
870 918
677 901
136 299
882 921
759 793
112 362
756 763
410 614
860 898
317 741
476 767
1001 1035
351 475
960 961
183 819
620 966
991 993
137 791
696 834
612 851
311 507
257 474
538 993
938 1022
139 751
410 842
858 1010
959 1008
604 678
985 1013
363 557
644 908
73 795
707 729
561 760
339 719
252 401
296 1005
309 423
764 791
633 827
23 528
40 1002
795 986
37 464
713 920
76 593
434 914
373 960
428 841
555 821
200 378
581 727
220 445
832 1023
103 852
564 740
494 685
308 869
200 205
667 787
791 888
89 437
1026 1034
488 777
668 1012
352 902
240 478
743 912
368 865
731 993
479 847
452 867
746 756
697 961
553 1022
659 1019
83 974
578 999
938 966
155 586
763 989
432 1032
363 1002
498 765
445 836
691 806
1007 1029
226 655
583 962
150 742
158 438
319 994
890 999
183 822
141 693
384 599
946 1032
335 537
517 716
38 169
597 787
248 369
959 1022
280 904
395 490
405 865
297 520
896 945
628 809
107 612
520 540
597 818
585 816
161 238
168 791
292 577
907 993
439 582
722 963
457 745
901 943
197 263
828 1008
582 957
846 893
774 915
941 943
225 765
2 394
815 822
92 458
318 928
669 843
977 1015
236 479
266 593
877 892
39 635
533 624
860 959
199 271
552 904
495 720
799 862
974 990
338 464
595 621
1016 1020
18 104
280 623
906 1008
982 1019
1018 1029
336 480
915 959
157 165
261 300
279 441
826 1019
836 901
28 785
146 341
213 657
280 770
537 735
473 609
602 680
444 728
95 506
325 363
972 1027
459 744
313 767
689 838
696 881
300 419
56 222
197 838
520 923
954 985
767 921
757 808
703 760
377 697
905 948
781 1005
1010 1031
157 548
376 950
111 656
135 448
888 967
886 916
616 779
560 587
544 843
137 522
779 916
522 886
488 947
181 637
844 913
250 734
655 1035
249 403
459 547
323 503
755 857
747 955
423 672
531 868
619 700
703 903
381 766
746 943
153 648
456 922
981 1011
447 658
951 994
212 923
919 935
977 978
422 974
381 639
353 438
442 814
442 664
355 403
525 1028
311 362
649 1001
499 543
526 574
72 463
184 237
566 743
657 813
905 913
332 456
82 96
647 649
187 923
290 597
151 381
223 594
944 998
697 903
581 892
865 977
636 683
43 733
410 803
628 980
281 308
441 600
434 458
974 1027
150 570
904 924
179 230
844 1031
1022 1031
312 374
285 846
26 694
534 760
655 678
242 600
292 737
438 856
1015 1035
710 797
700 934
139 193
639 839
160 995
853 941
233 342
472 865
905 1015
797 1013
908 1030
313 546
29 919
631 873
403 517
265 347
383 876
298 691
756 861
281 687
902 1011
862 944
56 241
910 917
493 698
239 1035
904 1017
895 906
804 888
549 730
290 607
889 997
940 1031
13 713
199 808
525 941
670 968
356 477
788 856
360 403
960 1000
415 416
790 1019
185 291
920 1013
833 921
224 963
357 578
114 794
744 976
406 802
837 954
968 980
970 984
821 996
396 685
552 784
808 969
433 576
213 841
226 776
337 396
33 962
41 261
595 791
43 288
530 1032
151 288
439 539
539 767
520 809
466 895
143 433
219 655
717 900
869 873
722 743
227 913
412 808
833 1006
777 979
852 936
813 1035
322 558
834 918
980 1005
206 982
205 277
386 878
47 138
947 958
548 902
655 843
152 269
279 319
500 648
40 685
640 977
154 1008
270 541
105 387
78 450
657 791
686 918
891 937
452 945
14 73
548 1006
33 207
285 697
1014 1027
417 428
993 1016
289 984
544 1028
639 762
254 486
147 548
972 999
317 415
248 933
635 741
245 796
193 631
261 436
491 685
16 807
611 684
848 960
665 704
314 1024
398 569
573 995
392 888
414 714
196 468
827 1026
724 919
823 992
854 901
51 828
478 834
951 960
411 779
236 896
600 757
897 1026
659 711
369 792
433 995
464 643
505 807
112 347
737 924
4 17
1017 1025
868 1034
844 952
895 939
351 611
132 259
704 1000
507 636
434 478
881 989
438 692
274 810
1005 1016
683 782
655 939
1034 1035
882 1030
730 853
514 929
721 857
511 923
18 488
153 514
83 704
349 497
975 980
827 885
603 836
682 843
985 1023
1022 1023
103 719
334 862
507 566
132 728
120 890
400 936
147 348
811 831
163 475
203 261
950 982
974 980
524 1017
558 630
36 637
59 639
867 875
73 544
767 877
319 866
492 582
708 978
712 805
295 753
759 1026
970 1010
591 593
102 822
616 977
45 478
246 779
372 1004
429 783
967 1001
301 477
885 914
980 1034
1022 1028
697 992
816 918
695 836
240 804
281 997
499 802
811 847
146 426
532 1016
408 793
963 1032
345 980
1010 1026
954 982
760 998
253 527
755 802
419 553
884 944
300 491
255 753
968 1027
621 688
383 754
700 901
65 216
74 530
96 923
418 767
733 1020
898 935
276 932
888 898
1028 1030
587 1029
45 64
281 679
261 902
383 701
559 645
94 817
753 980
191 731
931 1021
674 836
507 921
325 931
1017 1030
949 1033
154 596
750 865
433 752
240 545
81 528
795 1031
633 851
1032 1033
619 1033
703 862
216 893
373 736
481 745
915 971
369 911
908 945
12 426
859 928
80 152
45 668
249 710
88 494
654 857
332 914
517 887
641 933
699 878
537 1001
229 401
880 1032
1018 1021
930 942
120 734
447 472
676 874
906 998
307 996
492 747
209 458
82 150
881 1024
380 945
253 459
646 726
560 863
240 414
324 922
491 802
243 349
961 1002
417 562
256 274
120 981
758 798
702 762
619 879
394 658
313 574
776 1006
1020 1034
49 891
813 832
524 896
960 981
150 450
496 699
94 721
847 867
632 992
145 1032
662 1020
336 340
961 1011
1012 1018
292 459
955 1010
463 546
767 862
295 779
67 442
799 874
600 850
434 696
464 951
619 973
847 949
943 955
582 689
1028 1031
883 976
509 713
193 930
813 965
789 917
837 937
467 482
157 732
392 869
57 556
25 310
920 980
155 287
162 536
561 887
893 1031
392 716
109 662
951 988
355 887
839 869
303 547
483 863
224 771
376 804
240 333
674 924
74 215
162 814
339 841
864 879
563 833
1018 1033
478 752
834 983
1025 1031
700 720
1020 1033
472 815
661 892
248 257
714 917
227 257
102 1021
771 944
636 1018
272 418
934 974
459 762
494 593
935 1019
608 635
670 810
854 1011
689 1003
308 732
453 478
909 967
641 964
318 319
292 756
88 530
554 1020
413 789
317 838
366 507
981 1010
414 966
961 988
532 845
13 921
123 935
698 1016
78 348
806 835
331 616
472 1026
585 869
17 399
561 599
161 185
115 542
809 937
580 919
767 831
896 943
970 987
220 872
855 1009
309 474
502 681
1011 1031
596 608
290 328
857 943
946 985
582 818
109 764
293 500
859 1032
325 466
468 984
92 792
5 117
494 549
748 897
374 658
119 496
818 978
104 847
425 718
413 544
623 832
881 935
978 1002
43 238
199 549
728 950
454 630
134 507
334 755
1026 1027
489 690
304 480
338 655
289 773
14 493
384 742
368 787
528 986
939 962
428 721
761 881
560 650
325 823
772 915
399 423
157 163
346 401
288 326
819 959
88 169
370 448
1000 1009
662 992
451 907
265 490
851 971
419 503
478 678
158 506
94 922
564 682
478 797
722 857
72 887
554 752
895 988
89 234
263 956
631 680
733 883
595 957
133 998
29 334
859 909
309 573
439 830
331 1003
411 604
505 1016
781 851
420 534
860 869
134 507
388 410
920 987
278 551
3 252
611 757
914 965
296 1026
255 913
157 417
1003 1034
861 1033
946 964
786 850
395 918
639 691
83 693
585 938
983 1030
722 839
454 1001
523 1019
60 279
930 936
712 969
484 521
881 980
50 494
986 1017
519 1014
263 423
1009 1014
808 934
425 978
690 1007
924 950
123 314
810 975
824 911
227 750
285 659
188 412
76 241
458 835
128 251
15 1016
371 861
765 832
1010 1030
428 879
481 526
361 705
118 403
666 701
168 528
1030 1035
1028 1030
587 954
413 583
842 860
818 861
337 712
757 821
640 853
120 748
19 426
266 948
802 853
538 695
610 688
871 876
48 626
889 1005
119 329
255 957
751 883
777 984
337 422
613 987
329 955
101 358
189 299
921 946
56 114
478 823
544 805
424 647
52 561
65 799
876 1035
922 1023
495 958
325 775
571 703
355 954
712 988
1009 1022
459 721
772 870
890 894
4 775
365 595
348 808
195 418
34 269
633 758
332 894
258 399
232 297
401 775
415 723
504 709
751 850
280 775
24 227
700 958
515 791
38 1020
321 817
125 483
810 924
538 755
100 169
545 577
828 843
255 936
879 913
404 915
452 783
209 389
250 851
378 1004
1027 1032
892 954
122 707
186 312
604 836
317 801
580 671
962 1031
21 147
657 850
497 901
23 134
246 476
978 1034
705 857
32 839
904 1002
65 790
721 1035
206 452
379 803
368 734
305 511
204 432
483 888
519 755
778 911
593 789
553 960
12 603
378 599
130 771
653 821
489 701
588 590
807 1017
322 820
492 984
843 947
722 971
287 433
100 577
297 800
15 131
228 1007
839 884
327 776
697 892
631 684
46 427
555 1024
321 753
105 709
192 856
538 656
587 808
660 747
385 706
1034 1035
653 729
11 549
875 991
1 177
492 745
647 927
308 367
652 746
143 808
198 565
410 869
758 998
576 996
590 696
340 721
555 914
200 883
231 544
603 703
889 902
405 485
686 863
51 384
83 805
529 925
903 915
977 1002
215 440
682 801
732 775
616 639
848 860
941 977
401 406
405 873
81 364
981 1028
308 352
271 1022
332 604
366 1028
514 834
679 1020
1008 1015
812 976
397 565
487 668
855 874
384 904
164 368
1032 1034
64 86
1012 1030
512 873
582 632
314 619
687 1004
745 978
508 742
897 942
718 985
95 535
140 508
280 616
473 793
670 922
313 786
555 940
534 740
618 953
711 851
1023 1026
425 539
125 322
480 760
931 1024
881 1025
894 960
655 957
289 572
819 861
431 620
195 593
916 975
160 993
444 741
189 200
555 974
1013 1034
730 1016
718 878
607 956
322 841
208 1034
275 789
722 994
534 975
871 1030
374 734
977 1010
649 892
767 851
740 743
942 1009
828 1029
792 912
1015 1035
101 391
452 680
252 925
174 260
609 962
672 959
453 535
245 253
430 710
11 334
959 986
200 686
469 493
208 493
895 960
254 386
392 1027
342 344
124 337
388 803
582 616
111 367
404 532
490 734
361 784
1008 1011
840 925
559 800
685 839
344 347
1032 1034
48 412
439 877
735 758
279 593
778 929
193 804
1026 1033
617 866
593 768
617 682
346 557
1018 1021
396 677
1033 1034
697 955
84 264
42 252
828 951
483 809
734 1024
253 353
961 993
222 949
131 259
762 847
796 844
64 171
165 745
469 804
659 811
919 1000
51 399
680 921
252 408
525 766
499 679
621 929
67 786
554 1008
959 1030
447 831
312 429
624 879
210 508
947 983
411 786
343 832
781 925
598 806
93 704
584 828
253 843
808 824
151 374
1031 1032
789 957
403 685
926 972
125 295
209 515
136 310
721 878
472 608
685 970
286 395
1022 1029
795 940
535 578
1023 1031
417 482
564 900
665 1014
311 580
578 738
1011 1019
66 285
64 546
867 907
1007 1020
37 177
91 389
563 933
40 558
398 1024
29 167
142 852
804 997
399 503
195 613
844 922
734 806
646 947
269 995
965 1013
1002 1015
1033 1035
41 818
436 992
958 1008
353 805
906 928
351 857
737 848
615 973
127 302
61 943
130 304
232 867
666 905
14 583
741 933
774 975
632 732
119 153
204 973
902 940
719 802
964 1018
501 548
198 937
971 1002
561 847
455 706
880 1014
603 911
24 364
1021 1028
250 490
395 789
501 1016
676 937
664 976
740 930
515 593
1013 1019
891 915
283 578
808 853
376 453
930 955
180 972
504 602
956 993
544 578
836 910
893 971
889 955
807 904
429 822
808 985
125 935
572 1031
456 873
153 486
655 757
78 691
782 888
68 507
294 512
658 667
28 614
950 990
416 744
971 979
280 492
838 967
828 855
341 688
99 930
624 706
124 202
209 434
635 909
1027 1032
332 677
387 597
186 729
343 718
915 1004
760 900
955 1009
189 781
2 254
441 653
144 586
728 791
441 864
611 961
377 811
540 909
67 827
847 932
173 562
360 869
380 606
677 693
541 759
943 952
292 950
736 864
683 905
679 739
2 376
825 898
833 866
665 891
749 1020
766 776
96 616
655 1026
798 967
650 960
421 530
680 707
138 469
44 516
745 824
784 815
142 244
193 544
385 953
577 624
643 722
1 593
188 943
254 416
523 642
707 955
344 539
189 586
17 994
994 1025
393 523
239 574
620 648
123 201
227 829
632 790
497 983
572 888
707 860
631 668
130 179
999 1033
818 992
313 950
704 815
773 775
575 576
452 454
677 850
874 1034
324 676
738 936
29 715
731 854
602 964
658 843
894 898
422 837
682 822
58 103
479 826
371 856
292 881
647 1002
131 166
204 930
203 443
340 888
1023 1026
676 913
882 925
117 484
129 240
625 835
323 382
496 600
248 923
200 898
299 807
188 220
552 848
522 740
698 822
691 701
309 351
92 340
76 735
853 1004
886 995
892 1027
747 960
202 238
838 995
50 479
102 787
933 955
2 276
592 898
493 539
236 943
790 819
868 988
442 891
707 781
811 867
205 862
558 797
703 715
263 341
185 198
155 604
192 703
908 920
98 964
296 922
450 707
91 977
743 861
174 338
1011 1013
299 460
906 997
654 873
878 939
454 707
494 922
243 683
261 313
330 875
57 458
167 555
175 262
79 959
237 330
871 953
18 90
974 993
555 621
803 844
535 777
119 969
108 228
998 1019
872 988
719 760
945 1024
532 977
342 666
899 961
271 927
765 909
584 909
225 627
564 676
447 651
971 1006
334 627
284 558
606 875
436 563
562 1015
289 860
591 770
982 988
890 1007
874 1017
783 824
686 769
51 405
288 358
533 652
565 665
567 739
556 562
749 936
784 1021
665 987
798 808
793 811
866 990
576 670
486 555
971 1020
424 776
149 535
86 534
405 814
154 403
612 699
478 803
397 1034
915 916
13 943
800 959
701 830
303 685
414 417
598 867
60 380
52 227
987 1013
777 928
222 247
39 47
759 794
992 1030
689 885
135 193
510 893
918 1031
756 1018
1027 1028
1004 1033
221 268
746 768
625 662
546 1032
747 979
284 558
249 481
692 988
399 978
872 998
895 898
535 854
452 959
482 856
941 1012
928 965
171 867
897 999
752 1011
348 417
44 477
329 875
611 876
901 906
659 946
9 992
1023 1026
552 871
266 596
204 663
168 993
45 352
246 769
931 948
936 954
255 884
861 925
814 962
360 650
111 293
327 1014
39 133
894 970
371 885
763 1020
434 635
823 928
151 428
902 965
668 951
710 723
545 712
8 77
511 850
543 617
894 1023
162 453
755 765
202 885
496 900
903 953
373 662
680 710
39 803
964 970
396 775
1020 1024
472 712
803 1022
451 1015
264 1032
327 828
530 545
380 734
850 954
329 632
231 460
754 874
239 704
705 836
156 575
789 1005
168 752
546 741
647 745
814 1005
807 819
401 736
242 583
199 745
153 184
435 714
164 546
909 966
697 747
129 952
358 951
881 984
407 988
815 1033
791 802
572 814
951 986
599 832
178 1001
15 749
936 1033
768 817
1014 1024
917 996
446 853
298 380
938 953
928 934
123 310
622 835
447 640
890 991
337 854
1005 1032
227 507
973 974
147 176
817 876
997 1027
770 837
731 886
115 408
416 678
377 775
647 678
14 80
221 602
682 926
524 599
380 457
668 965
701 1005
394 534
895 941
979 1030
780 1026
261 975
979 1035
149 506
192 624
891 903
140 227
357 1023
620 715
160 815
611 925
701 764
957 979
566 837
709 997
20 112
411 432
102 473
831 858
182 200
472 978
978 1016
987 1035
101 650
439 702
335 994
3 293
537 554
12 764
238 593
434 958
156 316
1019 1025
742 951
131 397
964 975
176 379
283 714
1011 1027
881 912
814 835
611 938
938 1025
357 777
785 802
667 826
278 781
968 1030
58 178
284 975
260 765
396 897
39 344
277 981
623 993
348 1002
574 898
840 896
430 1019
324 459
1026 1028
342 779
263 984
709 741
910 929
905 1023
948 962
465 616
617 873
895 1012
107 188
999 1015
696 952
891 986
457 730
731 852
160 220
201 637
740 811
40 970
478 593
393 634
1004 1034
1015 1018
663 924
950 1006
868 876
900 1021
994 1026
708 1009
589 720
342 739
870 880
905 908
80 795
83 328
517 999
179 605
138 913
470 525
557 678
159 389
150 235
120 380
581 1016
654 816
915 1026
380 614
894 966
68 470
1024 1031
561 815
9 630
139 866
433 610
469 809
753 1024
425 855
253 700
43 284
344 891
256 363
617 886
1007 1033
195 578
220 516
571 610
40 289
810 847
521 710
966 1003
251 987
541 853
551 923
445 834
411 459
701 867
133 611
244 287
559 728
11 728
555 977
144 302
194 919
635 735
76 246
1015 1021
124 621
246 624
365 681
388 702
345 459
131 1006
184 1002
1005 1007
747 951
132 983
188 840
142 842
324 959
1019 1027
641 844
895 1032
99 915
403 887
712 746
791 843
595 946
91 293
514 797
100 732
958 1024
689 831
31 259
288 498
495 1018
654 674
19 389
66 528
832 1014
483 946
594 653
866 974
377 826
825 881
767 803
373 437
281 496
254 775
935 1012
1009 1023
819 919
768 915
961 1000
677 720
95 1008
181 770
196 315
564 990
894 919
629 828
772 945
616 738
630 1029
182 872
236 1002
481 990
247 1019
851 1022
39 828
951 967
166 525
248 343
544 933
810 933
923 1002
820 901
1000 1006
990 1010
246 396
562 572
194 324
883 917
393 629
907 1028
457 1006
807 894
819 1006
411 503
717 877
783 969
369 615
815 939
783 831
758 1006
1010 1025
736 1017
807 979
552 930
197 344
653 770
277 502
967 1024
876 1015
107 302
218 969
414 467
349 895
750 981
531 829
129 878
924 944
941 1033
893 989
454 903
260 624
86 686
241 442
988 992
16 296
980 989
828 954
309 436
961 967
107 219
39 632
398 963
160 934
215 994
874 917
391 809
554 887
763 954
791 919
386 812
198 788
692 766
604 746
998 1009
259 360
326 393
628 654
641 996
109 384
322 924
459 797
1031 1035
309 520
675 928
773 1030
57 530
136 430
34 530
701 709
266 671
298 426
902 1018
551 806
411 486
986 996
819 860
569 820
112 642
309 874
888 906
291 621
347 456
387 799
929 960
165 594
480 573
57 518
677 882
106 897
493 653
583 619
906 909
142 859
629 679
360 558
359 769
649 658
599 771
61 526
480 857
501 967
542 767
1009 1017
294 771
62 154
83 673
468 703
208 779
301 425
989 995
437 670
334 606
11 104
721 815
311 988
227 409
297 561
723 993
718 743
1027 1028
976 1023
902 1028
986 995
8 686
257 514
469 575
356 525
492 655
428 714
405 660
183 587
122 705
837 870
502 562
333 974
76 774
4 400
352 454
251 314
351 784
820 857
96 878
225 436
977 991
768 964
84 491
668 680
773 814
783 974
171 705
521 741
1012 1028
96 434
562 713
955 1006
34 552
796 984
122 573
706 937
716 970
901 939
385 630
458 897
193 637
801 1028
364 403
156 482
572 962
472 526
880 973
759 998
784 1018
10 281
652 969
172 922
545 739
688 842
835 935
763 921
430 496
10 827
519 684
708 862
638 880
564 849
56 894
780 811
852 1018
46 1002
108 917
127 199
751 1012
1015 1030
809 1026
474 650
287 632
830 911
985 1006
976 986
492 639
75 493
296 428
11 719
928 938
191 336
656 986
433 779
323 1021
250 1017
546 603
361 447
760 935
996 1027
135 209
270 1028
72 718
86 526
276 317
702 804
699 876
970 1011
461 844
983 1023
722 807
649 712
323 928
547 951
23 432
34 695
227 850
191 540
546 740
524 659
832 906
307 925
559 942
363 886
947 989
116 714
590 666
220 318
291 326
952 969
474 552
254 896
584 827
765 928
388 647
739 978
210 353
218 603
167 216
849 949
77 174
15 756
392 1031
344 868
424 788
163 538
402 886
441 500
540 552
706 782
93 636
562 785
510 658
726 831
422 507
696 730
724 951
642 766
838 1010
426 731
202 235
372 862
960 962
956 989
199 996
357 864
714 800
919 985
396 952
261 476
518 1030
919 954
358 957
85 590
217 660
251 478
302 403
877 1016
553 1022
1019 1025
750 895
435 507
523 1025
134 781
85 343
115 165
367 501
139 833
792 894
777 986
286 378
726 905
863 915
511 817
596 638
695 998
106 885
976 1022
165 835
546 914
980 1008
330 417
357 1028
296 552
537 693
356 915
831 930
638 965
515 976
856 895
672 919
11 746
59 683
1031 1033
896 964
313 970
523 616
515 652
100 645
784 812
461 613
297 1026
892 927
486 772
326 616
553 603
197 222
113 755
479 495
417 684
959 1024
39 964
237 697
374 402
420 835
959 995
44 718
876 952
247 525
848 862
291 879
958 977
350 1034
784 818
617 767
519 633
420 463
287 506
555 788
285 698
646 896
396 593
436 841
846 988
154 233
533 893
662 933
866 985
856 881
506 819
383 964
907 965
512 717
183 796
710 849
153 974
105 1018
155 726
698 718
473 976
407 514
313 666
893 938
96 966
325 722
561 702
738 799
527 773
538 967
788 952
400 612
522 1023
491 725
388 956
300 628
87 524
594 1006
314 895
426 548
275 788
174 414
356 438
405 517
969 991
1010 1035