20 200
1 3
16 19
10 19
14 19
2 17
9 12
13 19
1 19
11 20
4 7
19 20
12 18
16 17
15 16
19 20
17 19
6 9
11 16
17 20
7 18
2 11
8 18
18 20
16 18
18 20
4 9
12 14
7 8
13 18
12 13
6 10
19 20
11 13
8 14
5 19
12 18
11 18
15 19
13 16
1 4
14 15
11 18
1 5
19 20
16 19
6 18
15 17
4 18
6 8
7 11
8 16
5 8
4 5
12 20
1 9
15 19
5 6
2 6
14 16
12 18
16 17
15 19
12 13
17 20
19 20
18 19
14 18
17 20
6 14
11 15
17 19
6 13
4 19
14 17
4 6
1 4
16 19
5 11
16 19
6 18
3 6
14 19
5 8
11 15
5 17
17 19
16 20
18 19
16 19
3 20
15 20
10 12
17 19
16 17
12 19
18 19
14 17
13 14
19 20
17 19
7 17
1 9
2 20
18 19
4 17
3 20
18 19
2 18
2 7
7 8
14 18
1 8
16 18
11 18
9 12
14 20
16 19
5 17
15 17
6 11
9 11
17 19
18 19
8 17
6 14
14 15
8 12
15 17
6 16
10 16
7 13
15 20
4 19
16 17
13 16
13 18
10 20
10 11
6 10
12 16
15 16
9 12
11 13
2 8
11 14
14 16
16 20
18 20
8 11
7 18
1 14
14 15
19 20
17 18
13 16
13 17
2 18
10 18
3 9
17 20
15 20
14 19
6 11
19 20
9 12
8 18
16 20
18 19
3 14
7 13
3 6
2 12
14 16
17 19
15 16
18 20
1 14
16 17
9 13
13 17
9 12
15 19
8 20
13 20
3 8
6 10
2 3
14 15
19 20
7 19
1 5
5 12
11 14
16 17
10 20
10 13
16 20
11 18
6 15
13 20