1000 1000
1 9
855 987
305 992
706 923
596 941
748 895
902 912
655 664
749 778
566 635
397 957
10 355
179 403
904 912
190 853
760 914
164 286
739 878
719 949
163 877
331 428
652 868
784 976
932 956
557 765
382 465
775 965
565 736
716 896
84 308
611 665
313 763
521 642
227 579
402 661
801 886
117 572
592 598
858 890
371 540
158 339
765 919
543 917
708 869
949 986
603 803
825 957
827 881
564 675
121 784
219 273
152 861
101 906
160 869
444 929
350 531
466 599
413 911
387 621
529 762
814 974
195 794
773 839
277 959
982 983
30 649
79 709
321 616
139 315
526 570
516 581
608 683
848 993
114 272
200 774
721 776
70 475
450 960
133 323
954 992
939 959
97 855
208 247
654 732
393 685
130 209
320 894
626 707
746 882
425 523
274 968
271 980
570 734
214 699
676 825
609 795
151 816
283 311
326 395
73 142
954 982
227 247
642 869
932 992
759 901
283 342
199 277
995 999
872 950
461 780
342 965
826 939
115 296
972 996
544 709
966 991
950 962
761 906
902 944
628 894
265 318
975 999
310 712
192 625
292 393
333 866
776 923
435 534
63 639
849 893
930 931
30 358
120 739
449 570
650 718
137 429
342 804
35 538
276 486
612 631
787 916
633 795
832 892
50 593
614 881
133 885
622 863
191 955
147 328
951 981
971 981
508 700
918 931
140 891
412 764
143 608
558 867
297 373
985 986
985 987
900 955
705 900
240 833
901 968
246 956
777 814
811 831
413 950
838 889
191 965
163 827
985 987
330 392
744 972
495 810
828 832
449 557
223 540
224 841
309 997
756 891
150 999
365 453
811 903
673 681
523 701
605 994
883 995
822 929
835 978
185 352
661 962
442 454
358 422
169 718
551 841
846 914
450 783
183 572
223 372
887 889
642 799
976 979
207 730
246 695
842 858
836 993
745 998
580 683
201 774
268 528
321 705
801 835
781 839
696 799
246 334
790 938
134 186
949 983
779 842
285 806
81 660
109 900
250 283
214 766
745 912
724 805
623 848
17 744
812 895
886 996
996 999
893 957
265 958
564 758
179 288
134 555
822 933
768 812
54 718
906 984
421 690
126 922
266 902
367 998
108 542
128 795
531 786
882 980
926 996
668 914
872 987
266 754
648 729
184 502
473 939
316 377
697 866
254 266
846 932
272 666
148 280
978 990
424 443
282 337
961 971
547 893
12 452
138 805
229 420
577 684
13 761
8 881
869 922
263 659
554 954
737 964
240 762
741 843
791 866
323 927
550 749
559 564
274 687
757 836
224 470
402 542
266 300
987 988
756 849
460 517
703 772
905 918
917 951
592 698
102 663
461 810
10 176
976 985
14 391
594 769
203 603
743 859
636 830
704 719
913 918
265 686
289 953
488 762
948 949
333 482
83 768
26 619
280 323
638 862
212 556
598 835
469 905
779 831
867 929
537 933
81 731
63 791
954 973
663 706
315 532
823 994
654 771
127 411
902 920
989 995
885 960
31 559
91 381
869 945
254 415
122 483
849 957
51 593
235 803
476 869
463 769
892 894
550 668
530 683
936 944
374 821
864 966
737 991
516 554
894 928
265 365
766 845
384 452
28 561
107 624
78 364
74 774
190 730
190 719
71 936
83 465
984 995
567 865
58 98
711 985
264 619
271 307
540 962
945 995
888 945
202 863
474 995
870 941
567 993
404 807
448 629
30 710
105 151
889 896
807 944
387 921
682 711
211 978
116 868
603 879
52 229
41 954
104 811
688 729
253 475
305 819
319 988
651 850
432 688
824 847
166 701
698 841
569 773
958 992
548 734
647 707
976 985
35 885
832 937
285 640
380 924
446 585
359 498
149 498
239 776
794 881
22 713
478 699
958 1000
166 277
339 628
156 917
275 459
282 367
601 852
802 980
889 955
318 407
335 836
952 955
909 989
16 491
456 566
158 599
435 976
637 737
998 999
543 873
235 438
6 234
330 708
368 716
804 896
792 994
758 841
284 327
284 324
414 948
533 815
147 148
158 257
61 982
33 927
135 721
534 888
154 545
736 963
862 866
728 997
331 619
823 961
925 962
975 988
664 842
743 973
755 954
457 894
714 938
45 548
622 880
195 465
825 971
284 796
839 863
691 799
157 766
963 967
398 905
645 687
214 647
218 799
905 981
881 933
342 745
409 764
633 946
232 274
220 853
663 805
619 779
531 673
498 956
275 847
96 401
708 744
53 585
697 845
959 961
997 999
789 978
576 883
680 832
14 872
150 329
979 981
49 221
511 782
515 870
702 850
15 277
190 587
54 291
893 927
753 998
29 114
631 712
807 963
554 996
564 995
928 962
711 997
602 842
250 627
821 900
265 537
342 995
209 833
995 996
805 926
289 991
256 560
682 781
656 720
773 999
629 683
298 419
272 392
192 924
660 981
458 572
734 812
842 996
330 920
900 960
704 990
31 251
866 965
943 989
830 894
297 677
509 862
370 645
807 892
100 341
981 996
118 284
70 621
118 388
696 851
913 942
773 927
428 907
875 980
206 604
677 886
645 753
458 511
571 669
916 919
789 977
415 737
77 384
232 854
49 572
334 930
975 993
101 441
968 985
963 967
256 365
531 804
694 854
972 995
612 756
332 617
290 500
271 733
93 548
255 764
588 851
94 603
929 987
343 492
352 639
91 812
798 813
650 935
41 912
118 780
638 643
25 442
546 925
175 538
97 294
597 743
585 938
15 331
610 650
613 749
494 748
700 724
199 510
754 959
838 924
941 956
509 786
195 617
712 901
11 232
674 923
774 930
712 805
703 881
775 984
636 707
834 894
511 990
942 966
345 466
754 936
400 847
909 956
24 246
201 409
230 947
840 967
538 904
976 998
552 693
212 468
484 937
54 689
248 810
548 623
224 917
170 427
227 953
678 935
561 698
286 524
461 919
109 137
145 870
591 969
783 902
902 990
350 687
732 793
322 923
595 659
559 799
634 811
845 953
323 859
138 872
621 822
477 729
102 593
158 845
815 955
772 812
384 666
83 111
67 383
449 756
509 921
622 952
288 547
530 757
432 966
1 928
283 956
101 295
519 619
286 852
968 980
889 948
128 415
862 880
564 750
249 273
136 159
239 734
653 958
401 569
453 741
442 508
429 996
375 881
802 953
850 882
463 629
777 806
398 440
620 970
442 533
674 839
529 708
250 567
407 940
165 346
224 557
957 983
116 375
138 243
870 947
68 783
97 536
464 549
604 846
456 874
390 797
104 771
617 818
919 970
369 844
347 916
766 943
133 836
380 608
705 896
586 849
93 946
872 894
251 918
819 961
512 704
758 868
947 984
875 923
414 848
893 938
913 972
280 732
761 924
253 809
308 326
426 622
944 960
232 717
493 521
78 160
642 916
921 962
414 912
566 728
86 317
985 990
70 145
545 917
272 313
218 993
906 955
970 989
994 998
535 917
218 482
792 824
322 358
114 644
337 961
838 934
252 627
699 866
717 825
992 995
959 964
606 683
540 890
914 968
529 829
403 549
280 449
998 1000
204 823
178 858
581 669
999 1000
332 733
37 617
775 900
525 915
115 408
164 789
340 478
669 923
174 856
208 236
376 450
664 825
489 597
461 532
249 968
34 279
695 774
339 363
466 808
363 519
284 891
434 606
366 913
714 866
929 996
656 796
115 285
769 977
882 890
912 948
269 593
297 415
725 795
360 450
159 168
870 900
134 311
680 778
353 606
111 548
37 54
370 951
725 920
427 959
152 357
156 707
535 633
567 622
704 910
486 779
655 700
179 431
99 466
537 834
608 986
9 236
671 931
448 930
773 940
897 920
130 324
738 975
226 266
438 663
369 436
818 987
346 781
360 661
901 923
542 906
453 866
561 593
876 909
969 980
102 630
101 471
180 490
332 780
796 990
345 792
795 985
534 567
258 656
110 345
961 963
643 744
718 731
289 486
925 982
912 952
517 603
989 997
925 937
845 957
347 409
242 324
150 460
22 544
754 806
404 818
58 122
275 391
92 486
72 248
462 723
533 609
989 995
822 999
107 314
661 814
90 500
773 872
491 870
410 478
445 799
326 362
202 760
948 996
582 803
134 190
96 758
561 985
775 841
636 844
945 949
107 362
173 894
376 550
803 998
439 928
862 975
281 304
644 782
296 628
405 997
33 272
34 129
261 317
618 842
633 844
917 998
285 400
673 940
625 915
449 818
462 549
177 240
154 471
596 771
787 894
85 442
576 847
296 767
878 917
849 986
249 864
32 652
850 939
990 992
26 951
301 864
478 645
250 320
916 925
481 978
701 871
367 545
661 846
530 588
705 719
239 642
334 762
122 840
972 993
608 972
390 834
395 566
833 966
165 880
48 903
756 992
9 605
445 981
299 933
333 384
319 888
610 991
623 660
729 845
930 954
982 992
178 437
956 977
911 933
567 633
745 770
38 904
876 915
573 840
635 699
892 942
170 638
252 731
234 704
377 996
442 766
599 748
916 934
421 554
215 631
578 818
624 822
918 925
8 480
260 359
701 1000